 1  0.26160131
 2  0.276074572
 3  0.285194763
 4  0.287975198
 5  0.27754584
 6  0.285404247
 7  0.263915074
 8  0.267785596
 9  0.220547799
 10  0.22840955
 11  0.221862165
 12  0.25079673
 13  0.272799594
 14  0.293916577
 15  0.291640731
 16  0.302192005
 17  0.311055846
 18  0.309652582
 19  0.31529528
 20  0.316020041
 21  0.294691447
 22  0.278208257
 23  0.256601642
 24  0.219247974
 25  0.220092309
 26  0.219841635
 27  0.232220008
 28  0.229977511
 29  0.188473941
 30  0.198889629
 31  0.201703761
 32  0.23418762
 33  0.251987235
 34  0.317532392
 35  0.337379972
 36  0.360984363
 37  0.361359836
 38  0.373535
 39  0.376804309
 40  0.3712226
 41  0.374821175
 42  0.377370001
 43  0.303683423
 44  0.318610589
 45  0.254204131
 46  0.267694436
 47  0.264904076
 48  0.293168275
 49  0.289436245
 50  0.267374543
 51  0.234476204
 52  0.211748099
 53  0.214065843
 54  0.212901073
 55  0.179244957
 56  0.176564188
 57  0.158924322
 58  0.179304343
 59  0.178595702
 60  0.163251306
 61  0.193537541
 62  0.225448647
 63  0.294162224
 64  0.368495677
 65  0.403464813
 66  0.349972849
 67  0.309463026
 68  0.256255428
 69  0.260921037
 70  0.256584516
 71  0.246956221
 72  0.288149684
 73  0.306132335
 74  0.33158689
 75  0.36627805
 76  0.347271968
 77  0.28257381
 78  0.252659025
 79  0.22862725
 80  0.198383152
 81  0.188872528
 82  0.175373552
 83  0.205494705
 84  0.195138437
 85  0.187057075
 86  0.188534254
 87  0.175057022
 88  0.204358356
 89  0.277228278
 90  0.208899522
 91  0.158114503
 92  0.17254353
 93  0.166543003
 94  0.171924417
 95  0.1880956
 96  0.194326796
 97  0.228317467
 98  0.232682403
 99  0.286120691
 100  0.299871503
 101  0.366430097
 102  0.378435168
 103  0.374914895
 104  0.295999053
 105  0.268413577
 106  0.270928633
 107  0.235519566
 108  0.228308168
 109  0.205921021
 110  0.201851984
 111  0.188948352
 112  0.179510539
 113  0.182509037
 114  0.159541168
 115  0.147915038
 116  0.180907055
 117  0.186228669
 118  0.201658638
 119  0.21471793
 120  0.225257588
 121  0.190951009
 122  0.1781448
 123  0.245306205
 124  0.267307465
 125  0.24606807
 126  0.22285352
 127  0.227521886
 128  0.290517631
 129  0.268683228
 130  0.266056678
 131  0.227529742
 132  0.212502361
 133  0.186344705
 134  0.185526132
 135  0.189524883
 136  0.221749078
 137  0.21674643
 138  0.25044682
 139  0.289148351
 140  0.412883465
 141  0.470911149
 142  0.484856786
 143  0.358509378
 144  0.255393838
 145  0.22123935
 146  0.192939299
 147  0.205481371
 148  0.171554513
 149  0.180734995
 150  0.178978742
 151  0.179214622
 152  0.21507022
 153  0.259184612
 154  0.242498588
 155  0.287711317
 156  0.422239863
 157  0.450492261
 158  0.259291638
 159  0.181001154
 160  0.170776933
 161  0.158235509
 162  0.181202755
 163  0.185220573
 164  0.177368345
 165  0.19272473
 166  0.176707192
 167  0.206147829
 168  0.218010376
 169  0.267020736
 170  0.286877708
 171  0.344834055
 172  0.377904502
 173  0.416295488
 174  0.377387755
 175  0.348689815
 176  0.360640802
 177  0.34475855
 178  0.296132417
 179  0.256707611
 180  0.223088128
 181  0.197641926
 182  0.185428688
 183  0.175528756
 184  0.161015674
 185  0.236413318
 186  0.246039579
 187  0.296139725
 188  0.334504552
 189  0.422993909
 190  0.458255031
 191  0.500132931
 192  0.647276659
 193  0.686792938
 194  0.656778451
 195  0.552405542
 196  0.484701231
 197  0.432852327
 198  0.382963547
 199  0.338814205
 200  0.274000419
 201  0.239885409
 202  0.202553681
 203  0.191665404
 204  0.159471784
 205  0.166995208
 206  0.18257609
 207  0.172711102
