 1  0.0149539606
 2  0.0160654525
 3  0.0163873174
 4  0.0187404188
 5  0.0191216659
 6  0.0192710262
 7  0.0174242519
 8  0.0171762166
 9  0.0148942758
 10  0.0134026711
 11  0.0117850615
 12  0.0156012408
 13  0.0187042582
 14  0.016225476
 15  0.0160510281
 16  0.0172023638
 17  0.0185198528
 18  0.0180074016
 19  0.019303738
 20  0.0190078602
 21  0.0180417337
 22  0.0163304046
 23  0.0147716619
 24  0.0130140599
 25  0.0117624356
 26  0.010647181
 27  0.0114683298
 28  0.0115113685
 29  0.00935286481
 30  0.00982611166
 31  0.0112898835
 32  0.0133055185
 33  0.0154888109
 34  0.0173038031
 35  0.0175751782
 36  0.0189868465
 37  0.0190571172
 38  0.0221734307
 39  0.021929461
 40  0.0198533322
 41  0.0191792547
 42  0.0180474125
 43  0.0160781015
 44  0.0150693303
 45  0.0114278907
 46  0.00988609363
 47  0.0111328285
 48  0.00875764604
 49  0.0104844414
 50  0.0106630835
 51  0.0107055754
 52  0.0111629909
 53  0.0118515891
 54  0.0126715214
 55  0.010250408
 56  0.01104278
 57  0.0092438567
 58  0.00907146478
 59  0.00826394234
 60  0.00665874045
 61  0.00696399524
 62  0.00638506173
 63  0.00844794737
 64  0.0141154208
 65  0.0133983988
 66  0.0118694691
 67  0.0118520176
 68  0.00972890806
 69  0.0136053724
 70  0.0134401632
 71  0.0136714824
 72  0.0147389406
 73  0.014449371
 74  0.0160699104
 75  0.0178331756
 76  0.0170043686
 77  0.0143171221
 78  0.0135064216
 79  0.0139204912
 80  0.0131935675
 81  0.0128149741
 82  0.0125937183
 83  0.0132564351
 84  0.0126693725
 85  0.0122669932
 86  0.0100200949
 87  0.0102043878
 88  0.0108047664
 89  0.0200206664
 90  0.0132916944
 91  0.0113600744
 92  0.010022495
 93  0.0080399885
 94  0.00810296892
 95  0.00854649993
 96  0.00961694177
 97  0.0107736817
 98  0.0124634246
 99  0.0162664353
 100  0.0188804971
 101  0.0202605435
 102  0.0211896711
 103  0.019448556
 104  0.0163412964
 105  0.0136963971
 106  0.0150283
 107  0.0134344172
 108  0.0136838161
 109  0.0122158891
 110  0.0128191089
 111  0.0139129613
 112  0.0121199748
 113  0.0112097143
 114  0.00995951332
 115  0.00887024889
 116  0.010479112
 117  0.0107346505
 118  0.0109646084
 119  0.0109166993
 120  0.0102426123
 121  0.00762437859
 122  0.0076287745
 123  0.0100370652
 124  0.0106244231
 125  0.00966372062
 126  0.00768669212
 127  0.00780136181
 128  0.0119027655
 129  0.0128797301
 130  0.0118119501
 131  0.00825771333
 132  0.00840307855
 133  0.00960222103
 134  0.00993051023
 135  0.0108399576
 136  0.0109894918
 137  0.0110362256
 138  0.0137192657
 139  0.0149280258
 140  0.0194238374
 141  0.026215444
 142  0.0201914902
 143  0.0132879475
 144  0.0107037489
 145  0.00858201872
 146  0.00922106927
 147  0.0115967742
 148  0.00856828399
 149  0.00863021395
 150  0.00670226079
 151  0.00625090259
 152  0.0078668611
 153  0.00995847054
 154  0.00823976375
 155  0.0119094922
 156  0.0168280595
 157  0.0201731755
 158  0.011637187
 159  0.00758108438
 160  0.00627643624
 161  0.00783953602
 162  0.010504564
 163  0.013722335
 164  0.0142329223
 165  0.014029617
 166  0.01286034
 167  0.0131234499
 168  0.0130923671
 169  0.014643287
 170  0.0142646956
 171  0.0165344203
 172  0.0176179045
 173  0.0176063151
 174  0.0167371831
 175  0.0168144985
 176  0.0176658673
 177  0.0153872839
 178  0.0126830512
 179  0.0106439942
 180  0.00870008166
 181  0.00900068382
 182  0.00801196099
 183  0.00812655888
 184  0.00784674025
 185  0.010217677
 186  0.00971930941
 187  0.00966043497
 188  0.0116735596
 189  0.0182255769
 190  0.021655319
 191  0.0246726768
 192  0.0230629739
 193  0.0308799963
 194  0.0255121525
 195  0.0210781754
 196  0.0191310695
 197  0.0186675099
 198  0.0183766586
 199  0.0164830304
 200  0.0136631913
 201  0.0117172341
 202  0.00992704147
 203  0.0099254629
 204  0.0073189008
 205  0.00760856266
 206  0.00777611772
 207  0.00847441013
