 1  0.0125775645
 2  0.0129310491
 3  0.0131357236
 4  0.0136179469
 5  0.0154764424
 6  0.0161364674
 7  0.015599273
 8  0.015807497
 9  0.0146230197
 10  0.0116016619
 11  0.0105591501
 12  0.0165784014
 13  0.0194918376
 14  0.0162943613
 15  0.0158703158
 16  0.0154359939
 17  0.0159422583
 18  0.0145132457
 19  0.0144719385
 20  0.0137478965
 21  0.0132202466
 22  0.0133933511
 23  0.0113866138
 24  0.011681869
 25  0.0107186279
 26  0.0109404492
 27  0.013005973
 28  0.0141137297
 29  0.0122556103
 30  0.0116697549
 31  0.0105856793
 32  0.0114784883
 33  0.0128360577
 34  0.0139575147
 35  0.0141756626
 36  0.0152978018
 37  0.0162166569
 38  0.0182309821
 39  0.0188715579
 40  0.0180539137
 41  0.0174415676
 42  0.0165326577
 43  0.0132229026
 44  0.0133698241
 45  0.00923006915
 46  0.00823917225
 47  0.00802059372
 48  0.00860685081
 49  0.00925480487
 50  0.0104646461
 51  0.01061204
 52  0.0103785169
 53  0.010156593
 54  0.0117246208
 55  0.00990137697
 56  0.0108940078
 57  0.0100270264
 58  0.00869232645
 59  0.00815486418
 60  0.0092405477
 61  0.0110558074
 62  0.00737066754
 63  0.00780615327
 64  0.0129229161
 65  0.0128122892
 66  0.0121352946
 67  0.0140531292
 68  0.0126527346
 69  0.0169002722
 70  0.0141171087
 71  0.0172751022
 72  0.0189733693
 73  0.0164042933
 74  0.016943007
 75  0.0177290535
 76  0.0158673598
 77  0.0136440872
 78  0.012571759
 79  0.0138421528
 80  0.011565119
 81  0.00969001119
 82  0.00886918852
 83  0.00957420664
 84  0.00881759221
 85  0.00824282244
 86  0.00774324366
 87  0.00845889491
 88  0.00838397135
 89  0.0167072038
 90  0.0118628166
 91  0.00828572517
 92  0.00796885592
 93  0.00683667269
 94  0.00785996806
 95  0.00865476808
 96  0.00943029663
 97  0.010543361
 98  0.0106881832
 99  0.0128063669
 100  0.0135008934
 101  0.0141843045
 102  0.0146805297
 103  0.01085037
 104  0.00973123781
 105  0.00898104012
 106  0.0100048063
 107  0.0105688902
 108  0.0116319122
 109  0.0117055161
 110  0.012985241
 111  0.0134846724
 112  0.0119387314
 113  0.00986132262
 114  0.00944003031
 115  0.00859094432
 116  0.0104057141
 117  0.0107841066
 118  0.0105172808
 119  0.0111538734
 120  0.0101989095
 121  0.00696460602
 122  0.00636121172
 123  0.00882288571
 124  0.00954412912
 125  0.00919922867
 126  0.00774324109
 127  0.00789376003
 128  0.0138924655
 129  0.0121555958
 130  0.010306031
 131  0.00739009913
 132  0.00913815857
 133  0.0120868523
 134  0.0133011996
 135  0.0124966606
 136  0.0117538017
 137  0.00995600038
 138  0.0134032181
 139  0.0129469213
 140  0.0235858476
 141  0.0311460276
 142  0.0230654812
 143  0.0131442684
 144  0.0081196795
 145  0.00658515246
 146  0.00714832828
 147  0.00882822862
 148  0.00649411511
 149  0.00751928608
 150  0.0076722056
 151  0.00836770617
 152  0.0101800651
 153  0.0126143484
 154  0.0102890894
 155  0.0136550043
 156  0.0177071181
 157  0.0229620435
 158  0.0151429899
 159  0.00988077602
 160  0.00806021821
 161  0.00860645597
 162  0.00733167783
 163  0.0091515087
 164  0.00861419489
 165  0.00955636133
 166  0.00879286448
 167  0.00888176664
 168  0.00986979249
 169  0.0106126365
 170  0.0113049454
 171  0.0136938873
 172  0.0151533692
 173  0.0167593351
 174  0.0168051971
 175  0.0210427451
 176  0.0203698959
 177  0.01841752
 178  0.0137694443
 179  0.0116718347
 180  0.0118647724
 181  0.0119538139
 182  0.0111344801
 183  0.0110024081
 184  0.0117913083
 185  0.0153672248
 186  0.0133541771
 187  0.010882892
 188  0.0122881655
 189  0.0181645777
 190  0.022197944
 191  0.0264338453
 192  0.0326856884
 193  0.036737817
 194  0.0331091772
 195  0.0254503866
 196  0.0205866873
 197  0.0175283234
 198  0.0168793402
 199  0.0143378536
 200  0.0132776136
 201  0.0121290719
 202  0.0120683006
 203  0.0132239379
 204  0.0113590707
 205  0.0118970526
 206  0.012046591
 207  0.0111308524
