 1  0.0186786079
 2  0.0177896183
 3  0.016767246
 4  0.0174899457
 5  0.0159589243
 6  0.0147633255
 7  0.013283847
 8  0.0150831591
 9  0.014383701
 10  0.014355508
 11  0.0138525558
 12  0.0172823079
 13  0.0198804657
 14  0.0171969376
 15  0.0161306909
 16  0.0140672484
 17  0.0146570076
 18  0.0144657559
 19  0.0158903121
 20  0.016760199
 21  0.0161543794
 22  0.0133846744
 23  0.0148225287
 24  0.0149173383
 25  0.0164144403
 26  0.0167670843
 27  0.0187109679
 28  0.0165172079
 29  0.0136750738
 30  0.0127228846
 31  0.0125600692
 32  0.0118723686
 33  0.0122021065
 34  0.014534232
 35  0.0156504596
 36  0.0143710953
 37  0.0140814042
 38  0.016596255
 39  0.0166844762
 40  0.015192842
 41  0.01435355
 42  0.0134429988
 43  0.0131519929
 44  0.0134064423
 45  0.0102443507
 46  0.00914241627
 47  0.0120452391
 48  0.00951504584
 49  0.0121158889
 50  0.0121920463
 51  0.00864785957
 52  0.009398118
 53  0.0100928492
 54  0.00975375486
 55  0.00801848794
 56  0.00982495654
 57  0.00905263084
 58  0.0111552038
 59  0.0113422509
 60  0.00957126494
 61  0.0109069194
 62  0.00974284229
 63  0.0101090606
 64  0.0159274246
 65  0.0161465606
 66  0.0159621316
 67  0.017158371
 68  0.0158781137
 69  0.0197417892
 70  0.0198639351
 71  0.0206423818
 72  0.020419333
 73  0.0198660798
 74  0.0216309381
 75  0.0220578733
 76  0.0192096269
 77  0.0168802415
 78  0.0155745227
 79  0.0147612101
 80  0.0121419018
 81  0.0123151234
 82  0.012392881
 83  0.0136439316
 84  0.0137232903
 85  0.0136904245
 86  0.0115203051
 87  0.0109798032
 88  0.0118935146
 89  0.0167153828
 90  0.0143852455
 91  0.0128433041
 92  0.0111208186
 93  0.00912981274
 94  0.0085997143
 95  0.00918148213
 96  0.00887522165
 97  0.00924920255
 98  0.00983150205
 99  0.014063433
 100  0.0181570144
 101  0.01882237
 102  0.0193432963
 103  0.0223514846
 104  0.0179185363
 105  0.0148850303
 106  0.0146005937
 107  0.0125056433
 108  0.0117148293
 109  0.0106311823
 110  0.0112743409
 111  0.0127771882
 112  0.0129464969
 113  0.0123705856
 114  0.0111650587
 115  0.0105294588
 116  0.0117649571
 117  0.0110039972
 118  0.0104185473
 119  0.00982023249
 120  0.0107274086
 121  0.00813799319
 122  0.00816111588
 123  0.00936821224
 124  0.00969708742
 125  0.00919584804
 126  0.00791857192
 127  0.00767745686
 128  0.00936874061
 129  0.0109580983
 130  0.010257141
 131  0.00849414767
 132  0.0106619034
 133  0.00992762226
 134  0.0110023818
 135  0.0115655311
 136  0.0138836951
 137  0.0157301681
 138  0.016336643
 139  0.0143908959
 140  0.0175977437
 141  0.0201102505
 142  0.0137691998
 143  0.00987021004
 144  0.00936871333
 145  0.00870511596
 146  0.00987830573
 147  0.0109532976
 148  0.00932983269
 149  0.010557753
 150  0.00874616313
 151  0.00693942797
 152  0.00754229458
 153  0.00746047117
 154  0.00678511402
 155  0.00932641945
 156  0.0146066286
 157  0.0144798319
 158  0.00826964855
 159  0.00618876995
 160  0.00693122831
 161  0.0089012798
 162  0.0125277729
 163  0.0143018617
 164  0.0141616226
 165  0.0147077327
 166  0.0130880271
 167  0.012449435
 168  0.0121975844
 169  0.0152867564
 170  0.0154630208
 171  0.0177953465
 172  0.0192490411
 173  0.0205007981
 174  0.021109078
 175  0.0212942483
 176  0.0233794794
 177  0.0186608586
 178  0.0143880407
 179  0.0144431875
 180  0.0132529009
 181  0.0120924399
 182  0.0120364153
 183  0.0104914236
 184  0.00704008565
 185  0.00609261385
 186  0.00546635114
 187  0.00696098403
 188  0.0077065176
 189  0.0108750196
 190  0.0122217251
 191  0.016993121
 192  0.0244658671
 193  0.0228301497
 194  0.0223987741
 195  0.0189083815
 196  0.0167835324
 197  0.0148170608
 198  0.0125625653
 199  0.0122219247
 200  0.0102219624
 201  0.0107109336
 202  0.00923388947
 203  0.0104615385
 204  0.00893991221
 205  0.0103487294
 206  0.0119849711
 207  0.00951425884
