 1  0.0146477485
 2  0.0146576402
 3  0.0150528735
 4  0.0154420069
 5  0.0143815492
 6  0.0138397535
 7  0.0125843383
 8  0.0126354368
 9  0.0129135291
 10  0.0137321092
 11  0.0149193069
 12  0.0171192259
 13  0.0164546544
 14  0.0168919741
 15  0.0145765181
 16  0.0142687057
 17  0.014031476
 18  0.0141002114
 19  0.0146966026
 20  0.0145683215
 21  0.0146050867
 22  0.0143025473
 23  0.0136542076
 24  0.012956788
 25  0.0132328917
 26  0.0141645665
 27  0.014449433
 28  0.0129024919
 29  0.0113259114
 30  0.00988501827
 31  0.0100797187
 32  0.0108919944
 33  0.0124136992
 34  0.0143359181
 35  0.0158195078
 36  0.0155147928
 37  0.0156754988
 38  0.0163768962
 39  0.0171116547
 40  0.0176659905
 41  0.0176358077
 42  0.0186127929
 43  0.0163144021
 44  0.018218199
 45  0.0133433765
 46  0.0124188029
 47  0.012394883
 48  0.0144524055
 49  0.0159549619
 50  0.0131869772
 51  0.0105380342
 52  0.0109670696
 53  0.0108651561
 54  0.00974400794
 55  0.00868409206
 56  0.00811790541
 57  0.00714378103
 58  0.00901371524
 59  0.00837286903
 60  0.00767969005
 61  0.00980141117
 62  0.0100865391
 63  0.010738179
 64  0.0160190419
 65  0.0167907325
 66  0.0161117279
 67  0.0183532123
 68  0.015643005
 69  0.0179613401
 70  0.016966359
 71  0.0173838266
 72  0.0201073737
 73  0.0187695934
 74  0.0207912819
 75  0.0226578571
 76  0.0201984292
 77  0.0161723552
 78  0.0136986773
 79  0.0120922324
 80  0.010374237
 81  0.0106174116
 82  0.0107049858
 83  0.0117707834
 84  0.0128203425
 85  0.0136610132
 86  0.013361807
 87  0.0139247411
 88  0.0150899569
 89  0.0177235596
 90  0.0155486845
 91  0.0123287268
 92  0.00991804921
 93  0.00719048178
 94  0.00636722612
 95  0.00645420334
 96  0.00701142413
 97  0.0089620049
 98  0.0103474844
 99  0.0154378243
 100  0.0191601778
 101  0.0223907413
 102  0.0225608383
 103  0.020201961
 104  0.0151493589
 105  0.0129730083
 106  0.013512203
 107  0.0112338815
 108  0.0105360906
 109  0.00931065938
 110  0.00941228412
 111  0.0110530527
 112  0.0117243146
 113  0.0128126902
 114  0.0109416982
 115  0.010997584
 116  0.0133425293
 117  0.0134927616
 118  0.0128316615
 119  0.0121521147
 120  0.0138134449
 121  0.0117465702
 122  0.0105772686
 123  0.0128048068
 124  0.0136207317
 125  0.0122228846
 126  0.0117890127
 127  0.0112053133
 128  0.0127441071
 129  0.0121228475
 130  0.0126946383
 131  0.0109080599
 132  0.0113090695
 133  0.0115285681
 134  0.0112856752
 135  0.0110804159
 136  0.0145161939
 137  0.0138008614
 138  0.0141504977
 139  0.0145568851
 140  0.0182614084
 141  0.0217753233
 142  0.0189104345
 143  0.0135289898
 144  0.00966505491
 145  0.00538360001
 146  0.00629784697
 147  0.00816105433
 148  0.00828811349
 149  0.0104841023
 150  0.00999412473
 151  0.00861761114
 152  0.0112810203
 153  0.013148129
 154  0.0133619302
 155  0.0152164778
 156  0.0204548904
 157  0.023479357
 158  0.0151710365
 159  0.0109725845
 160  0.0113442172
 161  0.011152026
 162  0.0128228659
 163  0.0139312187
 164  0.0123188542
 165  0.0118469023
 166  0.0108871883
 167  0.0106034043
 168  0.0112494603
 169  0.0136652964
 170  0.0154235671
 171  0.018295134
 172  0.0194313608
 173  0.0204005478
 174  0.0184652346
 175  0.019700653
 176  0.0210155541
 177  0.0204000301
 178  0.0145389483
 179  0.0126888917
 180  0.012371235
 181  0.0114285416
 182  0.0112884914
 183  0.00992349229
 184  0.00745897504
 185  0.0101152428
 186  0.0103961355
 187  0.0124616785
 188  0.013515117
 189  0.0175403431
 190  0.0191180516
 191  0.0172596701
 192  0.0211208462
 193  0.02768794
 194  0.0271261011
 195  0.0219364355
 196  0.0203833355
 197  0.0182921924
 198  0.0163891285
 199  0.0139037361
 200  0.0124099361
 201  0.0102031941
 202  0.00942499423
 203  0.0100818617
 204  0.00855040525
 205  0.00960888541
 206  0.0110163365
 207  0.00854269894
