 1  0.235110932
 2  0.251779171
 3  0.250166744
 4  0.266097734
 5  0.284841677
 6  0.323004653
 7  0.307900553
 8  0.343498268
 9  0.263180698
 10  0.282638055
 11  0.256864883
 12  0.333829878
 13  0.395024747
 14  0.372009605
 15  0.379050509
 16  0.358354212
 17  0.365848893
 18  0.328511846
 19  0.327458231
 20  0.30389147
 21  0.286267062
 22  0.271510116
 23  0.243639973
 24  0.233687659
 25  0.223810152
 26  0.208025738
 27  0.253719069
 28  0.280553682
 29  0.225549139
 30  0.224417122
 31  0.217792365
 32  0.252369193
 33  0.266629882
 34  0.294590654
 35  0.320464164
 36  0.344377343
 37  0.374220656
 38  0.421715297
 39  0.440845818
 40  0.429666056
 41  0.421316285
 42  0.413964487
 43  0.36108273
 44  0.374000622
 45  0.291694426
 46  0.251180629
 47  0.242393577
 48  0.212816095
 49  0.229105084
 50  0.22641368
 51  0.213612412
 52  0.21143016
 53  0.20936662
 54  0.223171265
 55  0.172828629
 56  0.184528582
 57  0.182202592
 58  0.179140618
 59  0.184457104
 60  0.18816292
 61  0.222074786
 62  0.22921805
 63  0.330036299
 64  0.42708547
 65  0.457280407
 66  0.402471618
 67  0.36465106
 68  0.309749109
 69  0.283530249
 70  0.290589351
 71  0.338484274
 72  0.36152376
 73  0.322473267
 74  0.357259688
 75  0.382382409
 76  0.354319716
 77  0.281756919
 78  0.22696229
 79  0.215707184
 80  0.172841022
 81  0.172026058
 82  0.16105831
 83  0.190376261
 84  0.189414512
 85  0.170356772
 86  0.169795893
 87  0.192935661
 88  0.213352129
 89  0.299338736
 90  0.235659127
 91  0.181277041
 92  0.199508745
 93  0.195183256
 94  0.203701463
 95  0.218113168
 96  0.213117841
 97  0.239304105
 98  0.226006157
 99  0.266050393
 100  0.259985213
 101  0.296839404
 102  0.27665268
 103  0.231191384
 104  0.255286431
 105  0.236447107
 106  0.263483661
 107  0.233187796
 108  0.261398414
 109  0.235513331
 110  0.264831387
 111  0.247959155
 112  0.247267079
 113  0.222076979
 114  0.207474962
 115  0.183351443
 116  0.22211533
 117  0.223435149
 118  0.232265512
 119  0.269604258
 120  0.250097213
 121  0.182959917
 122  0.170788891
 123  0.24130512
 124  0.271805886
 125  0.238331427
 126  0.196618971
 127  0.191606935
 128  0.28365991
 129  0.255804233
 130  0.235679282
 131  0.188400569
 132  0.199408943
 133  0.18405199
 134  0.186956362
 135  0.173956472
 136  0.175791002
 137  0.162504847
 138  0.210414348
 139  0.221955657
 140  0.3453517
 141  0.450951183
 142  0.479217647
 143  0.292617139
 144  0.187530087
 145  0.171066841
 146  0.168069833
 147  0.22941006
 148  0.16960745
 149  0.1619206
 150  0.159348322
 151  0.172016646
 152  0.19403318
 153  0.244968339
 154  0.209842363
 155  0.267944895
 156  0.380982244
 157  0.469354028
 158  0.287563674
 159  0.181898005
 160  0.150292584
 161  0.159406625
 162  0.159278716
 163  0.174653177
 164  0.161383413
 165  0.173585999
 166  0.153266394
 167  0.152866288
 168  0.161839139
 169  0.199657499
 170  0.242517557
 171  0.312424978
 172  0.35210008
 173  0.362994798
 174  0.38748626
 175  0.431007624
 176  0.384521821
 177  0.351006545
 178  0.25603406
 179  0.221675881
 180  0.193753031
 181  0.175094127
 182  0.17647588
 183  0.193377558
 184  0.205594826
 185  0.294535963
 186  0.252232586
 187  0.249350886
 188  0.295882156
 189  0.385454312
 190  0.482863568
 191  0.621291348
 192  0.760229116
 193  0.663273294
 194  0.599524366
 195  0.486410351
 196  0.418157926
 197  0.373026017
 198  0.374688616
 199  0.318466911
 200  0.247811935
 201  0.225110363
 202  0.206089005
 203  0.230585606
 204  0.197997757
 205  0.211023316
 206  0.213135784
 207  0.205568803
