 1  0.316202783
 2  0.3189129
 3  0.313039204
 4  0.312683112
 5  0.285080724
 6  0.289726723
 7  0.256852635
 8  0.259861026
 9  0.279726709
 10  0.270229154
 11  0.278837745
 12  0.328612466
 13  0.311358333
 14  0.322849685
 15  0.291455025
 16  0.302089752
 17  0.300437731
 18  0.29969076
 19  0.312137722
 20  0.314769819
 21  0.310936128
 22  0.29785493
 23  0.29444493
 24  0.270097048
 25  0.266174747
 26  0.258622886
 27  0.258244403
 28  0.235197751
 29  0.202403812
 30  0.198452432
 31  0.220348189
 32  0.251235784
 33  0.27290219
 34  0.31211629
 35  0.328659968
 36  0.335844847
 37  0.338040008
 38  0.358369071
 39  0.361299488
 40  0.362744821
 41  0.366240331
 42  0.379981102
 43  0.345837112
 44  0.380270792
 45  0.306485005
 46  0.294547174
 47  0.282256391
 48  0.280679205
 49  0.303398998
 50  0.27846248
 51  0.243473466
 52  0.229976937
 53  0.227332883
 54  0.220154521
 55  0.181966459
 56  0.18469501
 57  0.165632544
 58  0.205684594
 59  0.203809887
 60  0.182414506
 61  0.213720122
 62  0.234211058
 63  0.312864723
 64  0.390370228
 65  0.432504078
 66  0.407665896
 67  0.412589463
 68  0.348602452
 69  0.328752226
 70  0.321803567
 71  0.33411654
 72  0.391279075
 73  0.37298334
 74  0.413392527
 75  0.449958542
 76  0.399563361
 77  0.317727545
 78  0.266297455
 79  0.224795105
 80  0.187889863
 81  0.181937627
 82  0.172339971
 83  0.197532491
 84  0.228829082
 85  0.245891041
 86  0.241733323
 87  0.24317324
 88  0.275066865
 89  0.33126167
 90  0.287287205
 91  0.220094702
 92  0.211291273
 93  0.184042713
 94  0.179028326
 95  0.189652542
 96  0.202793321
 97  0.242004355
 98  0.263234369
 99  0.337363311
 100  0.368035269
 101  0.435439931
 102  0.456533336
 103  0.425526453
 104  0.363336197
 105  0.311463443
 106  0.308359056
 107  0.256769945
 108  0.24020439
 109  0.210551191
 110  0.208001062
 111  0.203956783
 112  0.207827575
 113  0.225645501
 114  0.20215262
 115  0.203642131
 116  0.251523801
 117  0.255949459
 118  0.255656809
 119  0.270118542
 120  0.284203381
 121  0.248686141
 122  0.223917375
 123  0.278507285
 124  0.308469282
 125  0.282954202
 126  0.253751959
 127  0.248811943
 128  0.295270034
 129  0.283052954
 130  0.283355036
 131  0.222304837
 132  0.210929385
 133  0.207080329
 134  0.204561869
 135  0.209052532
 136  0.267102113
 137  0.257117622
 138  0.276192516
 139  0.278717712
 140  0.359540442
 141  0.416032273
 142  0.464366683
 143  0.334974256
 144  0.244623594
 145  0.212519141
 146  0.220743038
 147  0.266066308
 148  0.243982182
 149  0.238680879
 150  0.222010583
 151  0.194729895
 152  0.222206355
 153  0.253735505
 154  0.24715649
 155  0.27980782
 156  0.396151257
 157  0.493521689
 158  0.300447127
 159  0.202909862
 160  0.203067996
 161  0.192524037
 162  0.242161866
 163  0.251824913
 164  0.215702031
 165  0.204198866
 166  0.173752169
 167  0.183208797
 168  0.201488115
 169  0.248879645
 170  0.294179959
 171  0.355433986
 172  0.383272885
 173  0.422483546
 174  0.401438377
 175  0.422774667
 176  0.398790413
 177  0.375601593
 178  0.286237188
 179  0.261507364
 180  0.245361977
 181  0.208072413
 182  0.214642756
 183  0.196197729
 184  0.16634715
 185  0.25823999
 186  0.258655585
 187  0.290951386
 188  0.320351854
 189  0.38823848
 190  0.429613647
 191  0.455625466
 192  0.562126342
 193  0.588178921
 194  0.57416718
 195  0.480684175
 196  0.431951372
 197  0.390709032
 198  0.353163078
 199  0.308925249
 200  0.270070506
 201  0.228891102
 202  0.193589743
 203  0.184958701
 204  0.165055173
 205  0.187614258
 206  0.215778251
 207  0.189702874
