 1  0.298469058
 2  0.316085592
 3  0.311422983
 4  0.318073067
 5  0.305015448
 6  0.319215407
 7  0.281937205
 8  0.29604515
 9  0.232666173
 10  0.245753891
 11  0.243293236
 12  0.293036638
 13  0.299218009
 14  0.303359285
 15  0.301889387
 16  0.311355737
 17  0.328393605
 18  0.319310204
 19  0.337835338
 20  0.332001011
 21  0.327296911
 22  0.312406551
 23  0.293619994
 24  0.260774233
 25  0.239153028
 26  0.216904114
 27  0.217529941
 28  0.232556948
 29  0.191453134
 30  0.201937121
 31  0.219680338
 32  0.262774629
 33  0.288079184
 34  0.32038898
 35  0.33810252
 36  0.346775072
 37  0.353311203
 38  0.393794782
 39  0.391235677
 40  0.370844064
 41  0.366616631
 42  0.364924599
 43  0.34289327
 44  0.372514283
 45  0.293176052
 46  0.27379863
 47  0.256921532
 48  0.221486121
 49  0.241320733
 50  0.231013587
 51  0.223219081
 52  0.213781819
 53  0.215479252
 54  0.226908435
 55  0.17798437
 56  0.196875808
 57  0.176276075
 58  0.197702337
 59  0.188930976
 60  0.164138092
 61  0.182305954
 62  0.197902407
 63  0.283995872
 64  0.350112226
 65  0.393286034
 66  0.363623167
 67  0.35294643
 68  0.297131254
 69  0.297124395
 70  0.299696754
 71  0.302338769
 72  0.338707059
 73  0.331572386
 74  0.379252656
 75  0.425685528
 76  0.400216041
 77  0.317328832
 78  0.266736564
 79  0.238020433
 80  0.188624907
 81  0.182852357
 82  0.167689186
 83  0.186106075
 84  0.201398484
 85  0.211975848
 86  0.210343965
 87  0.219050894
 88  0.245436596
 89  0.314867858
 90  0.257034308
 91  0.194703975
 92  0.192072907
 93  0.177459261
 94  0.181195209
 95  0.203821909
 96  0.216099949
 97  0.263173208
 98  0.266663247
 99  0.330694568
 100  0.346142219
 101  0.410095431
 102  0.410967491
 103  0.376171176
 104  0.344270024
 105  0.304051466
 106  0.316667068
 107  0.26733831
 108  0.265103882
 109  0.225255074
 110  0.228865491
 111  0.211879126
 112  0.203833334
 113  0.206454486
 114  0.184137752
 115  0.179614624
 116  0.22265016
 117  0.22498533
 118  0.239879729
 119  0.261774514
 120  0.2466876
 121  0.211971385
 122  0.197232513
 123  0.255747782
 124  0.284910919
 125  0.253510658
 126  0.209602174
 127  0.202467635
 128  0.259042089
 129  0.254253612
 130  0.254276991
 131  0.197803903
 132  0.204169537
 133  0.198486659
 134  0.190883606
 135  0.19331746
 136  0.227170366
 137  0.223078738
 138  0.253062909
 139  0.259469119
 140  0.345758186
 141  0.40807369
 142  0.437102424
 143  0.306958079
 144  0.22457473
 145  0.203058358
 146  0.206549577
 147  0.262874834
 148  0.217500206
 149  0.206627337
 150  0.189043672
 151  0.169321542
 152  0.195705438
 153  0.229323375
 154  0.211753282
 155  0.24873288
 156  0.395611436
 157  0.492365813
 158  0.285793886
 159  0.182489729
 160  0.166031101
 161  0.169291625
 162  0.208029686
 163  0.228778345
 164  0.198063915
 165  0.189693124
 166  0.168654871
 167  0.176519049
 168  0.193967262
 169  0.249938101
 170  0.293714351
 171  0.369964184
 172  0.397050811
 173  0.406308316
 174  0.394311884
 175  0.384204264
 176  0.371607686
 177  0.357507858
 178  0.277833216
 179  0.251459543
 180  0.216139414
 181  0.176361911
 182  0.178869513
 183  0.182283818
 184  0.179579051
 185  0.279664769
 186  0.262157491
 187  0.284778689
 188  0.303198617
 189  0.366373166
 190  0.430739598
 191  0.512693996
 192  0.62414545
 193  0.575194791
 194  0.553280171
 195  0.472177448
 196  0.410523546
 197  0.369899071
 198  0.356143631
 199  0.316786251
 200  0.265707492
 201  0.22999399
 202  0.196563498
 203  0.203815177
 204  0.166344985
 205  0.173994145
 206  0.177698898
 207  0.165866604
