 1  0.0148194741
 2  0.0154852844
 3  0.0151568553
 4  0.0164794208
 5  0.016778865
 6  0.0170122103
 7  0.015339505
 8  0.0149751463
 9  0.00971682052
 10  0.0116560699
 11  0.0123206309
 12  0.0140186794
 13  0.0147533999
 14  0.0135637191
 15  0.0131187243
 16  0.0143787896
 17  0.0158690075
 18  0.0158953875
 19  0.0169741859
 20  0.0165602503
 21  0.0165999241
 22  0.0164236038
 23  0.0146051219
 24  0.0128535927
 25  0.0114915397
 26  0.011240797
 27  0.0109050198
 28  0.0110852446
 29  0.00949094103
 30  0.00983212407
 31  0.0108357243
 32  0.0129082531
 33  0.0146788395
 34  0.015886905
 35  0.0164705788
 36  0.0168594343
 37  0.0166814282
 38  0.0189452842
 39  0.0189112552
 40  0.0178075425
 41  0.0177156293
 42  0.0176685783
 43  0.0163640894
 44  0.0172235393
 45  0.012761155
 46  0.0120087945
 47  0.0112132176
 48  0.00971498579
 49  0.0112201148
 50  0.00961925963
 51  0.010425864
 52  0.0104755177
 53  0.0105496909
 54  0.0110413816
 55  0.00967689079
 56  0.0102367871
 57  0.00798082764
 58  0.00776324305
 59  0.0068804894
 60  0.00559720732
 61  0.00639898211
 62  0.00551711437
 63  0.00654605927
 64  0.0103653669
 65  0.0103253063
 66  0.00911491421
 67  0.0115362698
 68  0.00999261562
 69  0.0137166649
 70  0.01296412
 71  0.0131114037
 72  0.0145266138
 73  0.0138203164
 74  0.0167073426
 75  0.0191159285
 76  0.0182106313
 77  0.0141264448
 78  0.0129681409
 79  0.0137075519
 80  0.0117283697
 81  0.011088736
 82  0.0105097098
 83  0.010379527
 84  0.0112549787
 85  0.0119519162
 86  0.0112657824
 87  0.0119656344
 88  0.0120732135
 89  0.016622611
 90  0.0134158793
 91  0.010873303
 92  0.0087388172
 93  0.00659686246
 94  0.00663302553
 95  0.00786528811
 96  0.00904696732
 97  0.0112960041
 98  0.0123943059
 99  0.0159004946
 100  0.0180035374
 101  0.0202125812
 102  0.0198886892
 103  0.0179426168
 104  0.0142299789
 105  0.0124059
 106  0.0137906044
 107  0.0124963671
 108  0.0125807073
 109  0.0113817664
 110  0.0115744406
 111  0.012075493
 112  0.0108467899
 113  0.0111253067
 114  0.00925619996
 115  0.00907597439
 116  0.0107870876
 117  0.0109555254
 118  0.0109606274
 119  0.0109267782
 120  0.0107537941
 121  0.0100026782
 122  0.00935839088
 123  0.0108278613
 124  0.0118741955
 125  0.0100540742
 126  0.00884091933
 127  0.0075935959
 128  0.00932907697
 129  0.0101169755
 130  0.0106550785
 131  0.00790635892
 132  0.00917602748
 133  0.0109671887
 134  0.0101352
 135  0.0107820241
 136  0.0119341337
 137  0.012136606
 138  0.0135270495
 139  0.0136827995
 140  0.0195402673
 141  0.0223978
 142  0.0163326607
 143  0.0112781572
 144  0.00871287278
 145  0.00601719333
 146  0.00752787511
 147  0.00960356321
 148  0.00810782066
 149  0.00919350015
 150  0.00795881345
 151  0.00663879535
 152  0.00799717407
 153  0.00924893238
 154  0.00933709103
 155  0.0114600184
 156  0.0195484916
 157  0.0206612369
 158  0.0127129065
 159  0.00877984358
 160  0.00867446666
 161  0.00932105907
 162  0.010587368
 163  0.0130016878
 164  0.0120881301
 165  0.0111699249
 166  0.0107196425
 167  0.0104247337
 168  0.0112030259
 169  0.0132999342
 170  0.0135694098
 171  0.0165571259
 172  0.0170299339
 173  0.0185650379
 174  0.0164148364
 175  0.0159934435
 176  0.0169374712
 177  0.0169722233
 178  0.0130894015
 179  0.0116671958
 180  0.00959962703
 181  0.0082018275
 182  0.00849815888
 183  0.00817549398
 184  0.00850888279
 185  0.0117449197
 186  0.0119318948
 187  0.0126772952
 188  0.0127273005
 189  0.017326692
 190  0.0200991912
 191  0.022422277
 192  0.0262118583
 193  0.0304243105
 194  0.0281057281
 195  0.0241068619
 196  0.0207890327
 197  0.0180752027
 198  0.0168502629
 199  0.0153407876
 200  0.0137429617
 201  0.0116269065
 202  0.0106272085
 203  0.0107521206
 204  0.00849816056
 205  0.0077258089
 206  0.00687562009
 207  0.00617956415
