 1  0.26341199
 2  0.281311436
 3  0.289411144
 4  0.290258617
 5  0.285096377
 6  0.291903227
 7  0.267217601
 8  0.280546906
 9  0.194334524
 10  0.219992534
 11  0.210163499
 12  0.23696824
 13  0.269830979
 14  0.276093362
 15  0.286512385
 16  0.285607211
 17  0.304131948
 18  0.297105746
 19  0.312298056
 20  0.31131971
 21  0.29280346
 22  0.285885068
 23  0.262650457
 24  0.234911581
 25  0.223688956
 26  0.207073176
 27  0.224152982
 28  0.246913381
 29  0.199440665
 30  0.211158453
 31  0.21220511
 32  0.250350035
 33  0.259387997
 34  0.301327525
 35  0.324214304
 36  0.331770956
 37  0.335966794
 38  0.362802064
 39  0.366823712
 40  0.351055082
 41  0.351704294
 42  0.3525602
 43  0.300195903
 44  0.323906343
 45  0.254643299
 46  0.250996579
 47  0.241596207
 48  0.23524296
 49  0.240107424
 50  0.227987975
 51  0.211884843
 52  0.203508864
 53  0.199574611
 54  0.212596015
 55  0.172525092
 56  0.188420556
 57  0.177823542
 58  0.183497288
 59  0.185143797
 60  0.167319088
 61  0.18937866
 62  0.202355294
 63  0.280548535
 64  0.352631572
 65  0.387723009
 66  0.342242599
 67  0.30746598
 68  0.268051646
 69  0.267295318
 70  0.27134263
 71  0.276893877
 72  0.296102203
 73  0.297042268
 74  0.343134584
 75  0.385021069
 76  0.369366721
 77  0.293393217
 78  0.255930891
 79  0.240667818
 80  0.192905451
 81  0.186518037
 82  0.164949622
 83  0.183973074
 84  0.180395856
 85  0.17003173
 86  0.17028632
 87  0.174297579
 88  0.194734076
 89  0.245074236
 90  0.196264576
 91  0.157540674
 92  0.175298758
 93  0.175293833
 94  0.182045818
 95  0.208765888
 96  0.209995621
 97  0.247303294
 98  0.239521638
 99  0.28628776
 100  0.296235765
 101  0.353663799
 102  0.349683484
 103  0.335186349
 104  0.2913791
 105  0.270088948
 106  0.278379405
 107  0.23881618
 108  0.242305395
 109  0.214185635
 110  0.220049984
 111  0.199480247
 112  0.197642066
 113  0.186937012
 114  0.162252404
 115  0.145949754
 116  0.167901809
 117  0.169036544
 118  0.184490977
 119  0.20156482
 120  0.194013342
 121  0.168377652
 122  0.166914317
 123  0.214336419
 124  0.235778092
 125  0.211042975
 126  0.185104961
 127  0.176047243
 128  0.239780733
 129  0.226504756
 130  0.226089692
 131  0.19561939
 132  0.213008218
 133  0.187602176
 134  0.178842536
 135  0.178221882
 136  0.203280662
 137  0.202012778
 138  0.235745115
 139  0.252800758
 140  0.370895607
 141  0.414842807
 142  0.429809202
 143  0.300909476
 144  0.21313964
 145  0.196361221
 146  0.183875923
 147  0.218660221
 148  0.169716132
 149  0.166969682
 150  0.15679268
 151  0.160719237
 152  0.1880621
 153  0.22802584
 154  0.207836842
 155  0.255166376
 156  0.39553709
 157  0.413820384
 158  0.248075615
 159  0.169271597
 160  0.148632841
 161  0.152303982
 162  0.162324366
 163  0.176934664
 164  0.163295403
 165  0.173800207
 166  0.162272267
 167  0.179836341
 168  0.195238838
 169  0.252586955
 170  0.283640409
 171  0.361803267
 172  0.398500963
 173  0.41959263
 174  0.394186139
 175  0.370512609
 176  0.376244438
 177  0.351975082
 178  0.27941455
 179  0.248721607
 180  0.208956026
 181  0.173854463
 182  0.166671877
 183  0.178186863
 184  0.182873726
 185  0.269426325
 186  0.256505505
 187  0.288180104
 188  0.308987666
 189  0.387705293
 190  0.443692406
 191  0.547779254
 192  0.70330375
 193  0.66356201
 194  0.636213634
 195  0.537291805
 196  0.45302859
 197  0.393773986
 198  0.360966096
 199  0.318271931
 200  0.260560275
 201  0.23749308
 202  0.208215362
 203  0.216100355
 204  0.174580792
 205  0.17799203
 206  0.177536296
 207  0.163662575
