 1  0.0133493814
 2  0.0141012792
 3  0.0140008931
 4  0.015020687
 5  0.0154158921
 6  0.0157597612
 7  0.014358938
 8  0.0139336553
 9  0.00596802926
 10  0.00825133689
 11  0.00841421103
 12  0.00977276383
 13  0.0117367493
 14  0.0111584667
 15  0.0124078224
 16  0.0129469999
 17  0.0147883066
 18  0.014979093
 19  0.0157906921
 20  0.0155547666
 21  0.0147721429
 22  0.0143276908
 23  0.0122836125
 24  0.0110148148
 25  0.011108587
 26  0.0112719112
 27  0.0127956158
 28  0.0135012473
 29  0.0114225021
 30  0.0115730056
 31  0.0109638002
 32  0.0119396561
 33  0.0127146888
 34  0.0148928451
 35  0.0156504833
 36  0.0163799657
 37  0.0163650643
 38  0.0180131198
 39  0.0180237531
 40  0.0169815211
 41  0.0173771152
 42  0.0171987314
 43  0.0145001411
 44  0.0142543836
 45  0.0110289874
 46  0.0109894775
 47  0.0109303802
 48  0.0099704459
 49  0.00966568967
 50  0.00920694166
 51  0.00977847665
 52  0.0093709761
 53  0.0092707005
 54  0.00996706638
 55  0.00877160483
 56  0.00934875042
 57  0.00789516675
 58  0.00709638927
 59  0.00698227064
 60  0.00744514824
 61  0.0084615305
 62  0.00433246393
 63  0.00583379994
 64  0.0107929047
 65  0.0115744586
 66  0.0105981875
 67  0.00992964208
 68  0.00861076823
 69  0.013320235
 70  0.011248702
 71  0.0126196099
 72  0.0139565828
 73  0.0141554884
 74  0.0171254519
 75  0.0188647818
 76  0.017970334
 77  0.0137754116
 78  0.0125935959
 79  0.0133527176
 80  0.0105555521
 81  0.00878976001
 82  0.00733315168
 83  0.00725715291
 84  0.00760894773
 85  0.00788723359
 86  0.00786908039
 87  0.00821158357
 88  0.00790820522
 89  0.00875575668
 90  0.00820638506
 91  0.00676804617
 92  0.00645589399
 93  0.00547194074
 94  0.00598397767
 95  0.00738199684
 96  0.0080683408
 97  0.0100258817
 98  0.0101920323
 99  0.0131441508
 100  0.0143939171
 101  0.0151514412
 102  0.0134483083
 103  0.0147053254
 104  0.0112308786
 105  0.010373107
 106  0.0112112113
 107  0.010764599
 108  0.0111703877
 109  0.0104091517
 110  0.010166994
 111  0.0102043189
 112  0.00881747325
 113  0.00790285456
 114  0.0064812729
 115  0.00604305093
 116  0.0067448866
 117  0.00702660926
 118  0.00787714523
 119  0.00838113823
 120  0.00797593073
 121  0.00718981714
 122  0.00686954136
 123  0.00899334981
 124  0.00984410439
 125  0.00849743461
 126  0.00712502711
 127  0.0069419949
 128  0.010571679
 129  0.0103444868
 130  0.0107310102
 131  0.00880299465
 132  0.0107419533
 133  0.0120166177
 134  0.0116243415
 135  0.0114977935
 136  0.0113923401
 137  0.0107139377
 138  0.0124300792
 139  0.0125196082
 140  0.0224953656
 141  0.0252350432
 142  0.017551388
 143  0.0111841
 144  0.00742078505
 145  0.00591616001
 146  0.00614724254
 147  0.0070090172
 148  0.00560349479
 149  0.00700520137
 150  0.00674454607
 151  0.00672028199
 152  0.00937846184
 153  0.0106763096
 154  0.0094826895
 155  0.0115586046
 156  0.0202302755
 157  0.0208315398
 158  0.0124188333
 159  0.00875274998
 160  0.00796058947
 161  0.00835432293
 162  0.00766724012
 163  0.00879354874
 164  0.00785186028
 165  0.00829122774
 166  0.00773210169
 167  0.00842920152
 168  0.00959538573
 169  0.0120097285
 170  0.0123215053
 171  0.0158540987
 172  0.0169302945
 173  0.0180558021
 174  0.0169737092
 175  0.0169700308
 176  0.0172713052
 177  0.0163306231
 178  0.0128430825
 179  0.0120154524
 180  0.0109797525
 181  0.0102435653
 182  0.0100837832
 183  0.0106161657
 184  0.0102113797
 185  0.0129455546
 186  0.0123907472
 187  0.0129760596
 188  0.0133376385
 189  0.0174535225
 190  0.0196099442
 191  0.0240099644
 192  0.0339657452
 193  0.0353209355
 194  0.0337116259
 195  0.0275980371
 196  0.023117975
 197  0.0192488552
 198  0.0160356055
 199  0.0148998948
 200  0.0136006739
 201  0.0127119832
 202  0.0122719943
 203  0.0129113308
 204  0.010782767
 205  0.0102971076
 206  0.00951146956
 207  0.00833910667
