 1  0.294321543
 2  0.318034672
 3  0.305517804
 4  0.333677644
 5  0.325612483
 6  0.355903614
 7  0.314391959
 8  0.328363405
 9  0.269178693
 10  0.271908498
 11  0.259207615
 12  0.344209544
 13  0.358402241
 14  0.345291024
 15  0.34444627
 16  0.354726592
 17  0.375381225
 18  0.35806818
 19  0.374203638
 20  0.362626109
 21  0.34835393
 22  0.31058284
 23  0.286237346
 24  0.255277284
 25  0.2336954
 26  0.205913119
 27  0.222652927
 28  0.234350271
 29  0.188119312
 30  0.199355084
 31  0.223635436
 32  0.263500937
 33  0.297680685
 34  0.337396141
 35  0.353296464
 36  0.381719903
 37  0.395079177
 38  0.448878161
 39  0.446880836
 40  0.416818982
 41  0.406659041
 42  0.392359768
 43  0.364317541
 44  0.374084599
 45  0.312182348
 46  0.280525491
 47  0.274397014
 48  0.213221622
 49  0.227449412
 50  0.232417773
 51  0.238620895
 52  0.224394198
 53  0.229659061
 54  0.249853566
 55  0.189978777
 56  0.202282407
 57  0.181321273
 58  0.196265212
 59  0.185727388
 60  0.166732657
 61  0.185345018
 62  0.19190966
 63  0.294935535
 64  0.371626751
 65  0.411901283
 66  0.375792448
 67  0.341964773
 68  0.271973487
 69  0.264145879
 70  0.263436184
 71  0.291339832
 72  0.326582364
 73  0.310804798
 74  0.352592831
 75  0.3886855
 76  0.360838198
 77  0.28801976
 78  0.236559244
 79  0.214865671
 80  0.177991312
 81  0.173425514
 82  0.171742932
 83  0.203678491
 84  0.217689084
 85  0.220829733
 86  0.211462056
 87  0.221138621
 88  0.246176553
 89  0.355555003
 90  0.272380179
 91  0.210803226
 92  0.207908734
 93  0.192498629
 94  0.195178096
 95  0.204100895
 96  0.215540194
 97  0.247493306
 98  0.258777571
 99  0.317100142
 100  0.331013909
 101  0.370347638
 102  0.366325202
 103  0.361401405
 104  0.356934004
 105  0.30567789
 106  0.324716535
 107  0.275262745
 108  0.278238568
 109  0.239960024
 110  0.244504399
 111  0.234831122
 112  0.218095331
 113  0.213039756
 114  0.200298188
 115  0.192737333
 116  0.24171461
 117  0.243692064
 118  0.261545865
 119  0.294627145
 120  0.270264748
 121  0.214955736
 122  0.194959429
 123  0.276521732
 124  0.309201487
 125  0.275308789
 126  0.212896427
 127  0.217541036
 128  0.310069295
 129  0.296521526
 130  0.28008262
 131  0.205448517
 132  0.194872815
 133  0.195771833
 134  0.201398859
 135  0.206576916
 136  0.212687434
 137  0.198261752
 138  0.232356673
 139  0.24655009
 140  0.34369664
 141  0.437527919
 142  0.44737139
 143  0.294048335
 144  0.211301408
 145  0.19238944
 146  0.205192424
 147  0.259274141
 148  0.221490358
 149  0.207082731
 150  0.186314106
 151  0.173383293
 152  0.197911554
 153  0.243041381
 154  0.201941282
 155  0.254952084
 156  0.393418905
 157  0.54812329
 158  0.291785728
 159  0.173008368
 160  0.151601251
 161  0.168924178
 162  0.211642459
 163  0.233750455
 164  0.215647939
 165  0.210054829
 166  0.175459807
 167  0.173083031
 168  0.176602758
 169  0.215557936
 170  0.251782073
 171  0.315360924
 172  0.34499391
 173  0.357872653
 174  0.383493507
 175  0.402661147
 176  0.376647459
 177  0.332999837
 178  0.26244514
 179  0.234873098
 180  0.203162011
 181  0.190048147
 182  0.19230237
 183  0.199206562
 184  0.186598608
 185  0.275258034
 186  0.243637437
 187  0.255510303
 188  0.298079349
 189  0.366867924
 190  0.448090889
 191  0.557378472
 192  0.665321057
 193  0.609489778
 194  0.54772554
 195  0.459665166
 196  0.419056634
 197  0.390373485
 198  0.3713717
 199  0.329684458
 200  0.271122306
 201  0.232236669
 202  0.195306112
 203  0.197846139
 204  0.170295507
 205  0.187056616
 206  0.197153184
 207  0.196461391
