 1  0.0120247495
 2  0.0123252088
 3  0.0124352967
 4  0.0136322555
 5  0.0137035708
 6  0.0149489158
 7  0.0140145328
 8  0.0145307751
 9  0.0108800919
 10  0.0118685799
 11  0.0112728542
 12  0.0122499431
 13  0.0148175875
 14  0.0161824221
 15  0.0161974027
 16  0.0163773311
 17  0.0166344726
 18  0.0161811904
 19  0.0160879264
 20  0.0154959955
 21  0.0142326295
 22  0.0124564633
 23  0.0113119645
 24  0.0103509471
 25  0.0116125152
 26  0.0124614648
 27  0.0143883194
 28  0.0142019036
 29  0.0119673277
 30  0.0120739192
 31  0.0110243151
 32  0.0115265649
 33  0.0122345682
 34  0.0156990301
 35  0.0167963882
 36  0.0184969407
 37  0.0189381608
 38  0.0199276334
 39  0.020769676
 40  0.0206020945
 41  0.0206447687
 42  0.0203664309
 43  0.01635201
 44  0.0161519453
 45  0.0118349083
 46  0.0123977023
 47  0.0127428563
 48  0.0146170473
 49  0.0130778804
 50  0.0104149964
 51  0.0105776333
 52  0.00988912586
 53  0.00995651721
 54  0.00929984547
 55  0.00874327892
 56  0.00786997673
 57  0.00716055392
 58  0.00729989399
 59  0.00751001534
 60  0.00814760775
 61  0.00971764048
 62  0.00765398765
 63  0.00937463172
 64  0.0156598817
 65  0.0174279558
 66  0.0151168102
 67  0.0130500729
 68  0.0104322516
 69  0.0143022945
 70  0.0121652482
 71  0.011375637
 72  0.0138384615
 73  0.0149391413
 74  0.0150484966
 75  0.0168739014
 76  0.0169927883
 77  0.013944114
 78  0.0127492148
 79  0.0120099866
 80  0.0103106458
 81  0.00923636463
 82  0.00826343638
 83  0.00948893735
 84  0.00975436357
 85  0.00924562746
 86  0.00919644071
 87  0.0089325022
 88  0.0105847991
 89  0.0154379976
 90  0.00977519934
 91  0.00713906282
 92  0.00700523469
 93  0.00542566757
 94  0.00560102848
 95  0.00613660525
 96  0.00641603204
 97  0.00825785784
 98  0.00862136689
 99  0.0121131569
 100  0.0138453084
 101  0.0157826131
 102  0.014532382
 103  0.0156168582
 104  0.00962583403
 105  0.00903792693
 106  0.00986389264
 107  0.00925205144
 108  0.00983206642
 109  0.00930991848
 110  0.00958299188
 111  0.0102400645
 112  0.0092300107
 113  0.00912737427
 114  0.00758145882
 115  0.00676219904
 116  0.00856956838
 117  0.00920504984
 118  0.00985172592
 119  0.00983070871
 120  0.00982948442
 121  0.00824472912
 122  0.00746316396
 123  0.0108920086
 124  0.0113301088
 125  0.00995673683
 126  0.00909366302
 127  0.010386835
 128  0.014315055
 129  0.0146156657
 130  0.0148862765
 131  0.0133992608
 132  0.0125678687
 133  0.0117961095
 134  0.0114511415
 135  0.0112938713
 136  0.0122788488
 137  0.0114334036
 138  0.0136371828
 139  0.0155670935
 140  0.0233521821
 141  0.0268174445
 142  0.022205044
 143  0.0161153749
 144  0.0105555802
 145  0.0076391092
 146  0.00644685789
 147  0.00638190994
 148  0.00558567434
 149  0.00691914344
 150  0.00717328124
 151  0.00694201199
 152  0.0111519075
 153  0.01329762
 154  0.0122919005
 155  0.0138662898
 156  0.0207416859
 157  0.0225534971
 158  0.013211707
 159  0.00927069407
 160  0.00855368238
 161  0.00784260518
 162  0.00952581541
 163  0.0100277406
 164  0.00984778831
 165  0.0100862434
 166  0.00879731427
 167  0.0101543983
 168  0.0111705833
 169  0.0134700244
 170  0.0143586987
 171  0.0167413693
 172  0.0173795957
 173  0.0177078043
 174  0.015429654
 175  0.0133421929
 176  0.015830736
 177  0.0156642227
 178  0.0150315542
 179  0.0138047481
 180  0.0130858483
 181  0.0122531043
 182  0.0104502676
 183  0.0103040551
 184  0.00885194144
 185  0.011609316
 186  0.0119444164
 187  0.0141817341
 188  0.0156983185
 189  0.0208403546
 190  0.0222998096
 191  0.0231729009
 192  0.0327167992
 193  0.0345142464
 194  0.0332005809
 195  0.0280863498
 196  0.0252880496
 197  0.0221842019
 198  0.0188643519
 199  0.0167610316
 200  0.0142262582
 201  0.01347006
 202  0.0126909536
 203  0.0129709435
 204  0.00998278673
 205  0.00978113887
 206  0.00996107874
 207  0.00887071403
