 1  0.365565962
 2  0.359586192
 3  0.331372408
 4  0.336737947
 5  0.298950702
 6  0.302024748
 7  0.266846722
 8  0.297557585
 9  0.29403233
 10  0.292325794
 11  0.294150245
 12  0.381463947
 13  0.39438543
 14  0.359101345
 15  0.331386643
 16  0.306973893
 17  0.315463102
 18  0.310177721
 19  0.33204232
 20  0.347159728
 21  0.345735687
 22  0.305274745
 23  0.314033673
 24  0.290062046
 25  0.300762791
 26  0.288493712
 27  0.306022651
 28  0.272445421
 29  0.227424276
 30  0.228053131
 31  0.25241516
 32  0.265578808
 33  0.280613045
 34  0.328790561
 35  0.33047524
 36  0.344639258
 37  0.335459626
 38  0.369666316
 39  0.366584473
 40  0.34789513
 41  0.339557106
 42  0.327742414
 43  0.325423866
 44  0.337888368
 45  0.298717921
 46  0.2733482
 47  0.290523442
 48  0.23867599
 49  0.268534164
 50  0.252152227
 51  0.256816189
 52  0.247625369
 53  0.234371384
 54  0.240089986
 55  0.19665403
 56  0.203964271
 57  0.198677515
 58  0.22703702
 59  0.230831661
 60  0.200825061
 61  0.224295112
 62  0.224769199
 63  0.291484478
 64  0.337772735
 65  0.365574297
 66  0.361384665
 67  0.37405073
 68  0.319823794
 69  0.298698168
 70  0.303451274
 71  0.349860061
 72  0.374025193
 73  0.335132478
 74  0.384270708
 75  0.409764494
 76  0.335265024
 77  0.272947383
 78  0.232096301
 79  0.214205253
 80  0.172807449
 81  0.184887762
 82  0.199073276
 83  0.237123449
 84  0.265458801
 85  0.27237051
 86  0.24820863
 87  0.242398405
 88  0.270884972
 89  0.35212342
 90  0.304154924
 91  0.254971627
 92  0.248882239
 93  0.231611824
 94  0.214919269
 95  0.215720213
 96  0.215273414
 97  0.233214147
 98  0.253824868
 99  0.30194855
 100  0.332320835
 101  0.35303844
 102  0.379678303
 103  0.421643101
 104  0.383682556
 105  0.318236886
 106  0.307326593
 107  0.263376664
 108  0.247252356
 109  0.222962391
 110  0.234426877
 111  0.23584721
 112  0.243726019
 113  0.245252154
 114  0.234088687
 115  0.224695887
 116  0.265848747
 117  0.266071115
 118  0.269097198
 119  0.303478164
 120  0.290012879
 121  0.232604161
 122  0.214033826
 123  0.283057409
 124  0.315861058
 125  0.291129844
 126  0.238830743
 127  0.245930273
 128  0.308445919
 129  0.312606448
 130  0.29515754
 131  0.222447672
 132  0.215220652
 133  0.212091409
 134  0.222863764
 135  0.234175227
 136  0.262592893
 137  0.264156169
 138  0.27953473
 139  0.25154614
 140  0.359600093
 141  0.421169998
 142  0.380418112
 143  0.255559292
 144  0.199572884
 145  0.210526742
 146  0.255969864
 147  0.293383785
 148  0.272515487
 149  0.251701669
 150  0.219993772
 151  0.1816246
 152  0.190232867
 153  0.209761092
 154  0.167559394
 155  0.208061501
 156  0.313383448
 157  0.466608423
 158  0.236575102
 159  0.150035557
 160  0.164473309
 161  0.183362823
 162  0.259645792
 163  0.277173465
 164  0.260383559
 165  0.253880735
 166  0.207442336
 167  0.18005557
 168  0.168494828
 169  0.202685186
 170  0.221080671
 171  0.260403897
 172  0.289663794
 173  0.370528618
 174  0.401674674
 175  0.433612255
 176  0.426950422
 177  0.351165752
 178  0.273280132
 179  0.265726017
 180  0.247251877
 181  0.218317975
 182  0.235257171
 183  0.223139329
 184  0.171832989
 185  0.231217915
 186  0.227206594
 187  0.239194066
 188  0.273887002
 189  0.343968024
 190  0.38823547
 191  0.498218664
 192  0.642314863
 193  0.539337204
 194  0.518567921
 195  0.455976828
 196  0.409915114
 197  0.371385597
 198  0.336827798
 199  0.311423414
 200  0.264672507
 201  0.247812926
 202  0.201621764
 203  0.185141315
 204  0.17842089
 205  0.205285701
 206  0.231617903
 207  0.20299418
