 1  0.440818942
 2  0.403931001
 3  0.348347964
 4  0.329646003
 5  0.280267409
 6  0.231616903
 7  0.204394464
 8  0.190349751
 9  0.190333419
 10  0.170769896
 11  0.178086223
 12  0.188524104
 13  0.224148184
 14  0.244939369
 15  0.22304091
 16  0.217909096
 17  0.220265225
 18  0.244767347
 19  0.284216116
 20  0.311514158
 21  0.35102753
 22  0.367470464
 23  0.409453316
 24  0.416843985
 25  0.417038767
 26  0.373870708
 27  0.415583241
 28  0.411214672
 29  0.35088946
 30  0.381624829
 31  0.378978627
 32  0.401786492
 33  0.37407263
 34  0.370360875
 35  0.32937581
 36  0.31365757
 37  0.282248085
 38  0.292438326
 39  0.300822498
 40  0.315463714
 41  0.327078014
 42  0.351026339
 43  0.274368547
 44  0.375154384
 45  0.384855596
 46  0.36678539
 47  0.419868433
 48  0.444657572
 49  0.36871012
 50  0.300183643
 51  0.307805654
 52  0.204137167
 53  0.18999154
 54  0.211374489
 55  0.208748947
 56  0.239591226
 57  0.227665327
 58  0.276563716
 59  0.310650681
 60  0.292194264
 61  0.31548319
 62  0.30801504
 63  0.336166724
 64  0.338510045
 65  0.295829958
 66  0.267527546
 67  0.234744
 68  0.213977436
 69  0.207866905
 70  0.235561892
 71  0.267756738
 72  0.265000234
 73  0.269356219
 74  0.30869222
 75  0.339693095
 76  0.306375843
 77  0.260907204
 78  0.209382027
 79  0.173439051
 80  0.137023822
 81  0.124304522
 82  0.135164111
 83  0.164511248
 84  0.161691267
 85  0.165559756
 86  0.161895867
 87  0.190154014
 88  0.178459837
 89  0.200673662
 90  0.184593634
 91  0.159049862
 92  0.156610604
 93  0.137160984
 94  0.123873734
 95  0.125097757
 96  0.151462843
 97  0.203387611
 98  0.245821331
 99  0.303406107
 100  0.365301003
 101  0.423315924
 102  0.474570603
 103  0.497304986
 104  0.409605762
 105  0.341978365
 106  0.308266368
 107  0.258711873
 108  0.233811377
 109  0.169984128
 110  0.145710861
 111  0.134632426
 112  0.130721278
 113  0.160574843
 114  0.181028503
 115  0.168810683
 116  0.206620457
 117  0.304394842
 118  0.392452004
 119  0.386828934
 120  0.328960059
 121  0.274841622
 122  0.298658128
 123  0.355791343
 124  0.339059975
 125  0.308892011
 126  0.240733565
 127  0.22603963
 128  0.264134877
 129  0.263236479
 130  0.220014864
 131  0.14471905
 132  0.18791503
 133  0.190436285
 134  0.201671761
 135  0.18869552
 136  0.18929776
 137  0.162933499
 138  0.159052498
 139  0.155860846
 140  0.172452791
 141  0.179340243
 142  0.150581873
 143  0.151058692
 144  0.147788655
 145  0.151028842
 146  0.149998871
 147  0.141771954
 148  0.149131197
 149  0.156568515
 150  0.161148444
 151  0.165471862
 152  0.17723159
 153  0.206273786
 154  0.205566711
 155  0.224010834
 156  0.2585318
 157  0.271523232
 158  0.249690793
 159  0.180437236
 160  0.144815532
 161  0.148254746
 162  0.149596665
 163  0.153225909
 164  0.149536101
 165  0.15214522
 166  0.136974925
 167  0.132817435
 168  0.138896869
 169  0.167091962
 170  0.193193201
 171  0.222146635
 172  0.230643014
 173  0.235594707
 174  0.243328719
 175  0.231263157
 176  0.185415081
 177  0.187190406
 178  0.228293752
 179  0.191507414
 180  0.175421335
 181  0.191942743
 182  0.219722822
 183  0.265216398
 184  0.316607238
 185  0.370583831
 186  0.376769308
 187  0.405684575
 188  0.430585066
 189  0.461078717
 190  0.486867063
 191  0.508877374
 192  0.569077119
 193  0.69720122
 194  0.708462295
 195  0.569781865
 196  0.442038896
 197  0.415255449
 198  0.428128592
 199  0.420973139
 200  0.400477102
 201  0.391778526
 202  0.360458436
 203  0.349011307
 204  0.302723266
 205  0.276685045
 206  0.24336165
 207  0.224511697
