 1  0.350169842
 2  0.314126287
 3  0.276112226
 4  0.270410379
 5  0.267718673
 6  0.267337038
 7  0.235696107
 8  0.247702949
 9  0.180707831
 10  0.192551004
 11  0.164942046
 12  0.133741249
 13  0.226607142
 14  0.262550311
 15  0.281946548
 16  0.278276538
 17  0.296303036
 18  0.297328185
 19  0.314655363
 20  0.311652922
 21  0.312006756
 22  0.324251716
 23  0.352354195
 24  0.378798517
 25  0.390532304
 26  0.358408334
 27  0.425050821
 28  0.441752744
 29  0.390338031
 30  0.396678863
 31  0.378637457
 32  0.392506179
 33  0.357029168
 34  0.369308095
 35  0.342747494
 36  0.364416735
 37  0.356180287
 38  0.378146743
 39  0.396864089
 40  0.373144879
 41  0.400848625
 42  0.407416328
 43  0.313433159
 44  0.378358594
 45  0.375692059
 46  0.341634239
 47  0.410110491
 48  0.427044283
 49  0.310785888
 50  0.240599163
 51  0.264847506
 52  0.196435572
 53  0.180642762
 54  0.189444976
 55  0.166154822
 56  0.218752566
 57  0.205849583
 58  0.239533806
 59  0.29742786
 60  0.295188312
 61  0.346329144
 62  0.355020438
 63  0.417473237
 64  0.42290095
 65  0.407432182
 66  0.366425174
 67  0.293137768
 68  0.229136518
 69  0.205758015
 70  0.20077449
 71  0.248657119
 72  0.266156823
 73  0.242316838
 74  0.251408018
 75  0.266679228
 76  0.255735012
 77  0.222531694
 78  0.18060505
 79  0.16048171
 80  0.12651833
 81  0.120836507
 82  0.106790992
 83  0.129797579
 84  0.111207188
 85  0.112205607
 86  0.101066165
 87  0.148633864
 88  0.114970717
 89  0.141070714
 90  0.108824041
 91  0.105321313
 92  0.108912704
 93  0.126819218
 94  0.115131179
 95  0.120260126
 96  0.123621641
 97  0.172485124
 98  0.191461644
 99  0.234906589
 100  0.261615468
 101  0.297448608
 102  0.325912896
 103  0.355111479
 104  0.283090288
 105  0.249702788
 106  0.237809154
 107  0.208879416
 108  0.207758413
 109  0.15670402
 110  0.159820413
 111  0.126988846
 112  0.125424473
 113  0.121884058
 114  0.122372062
 115  0.121572767
 116  0.163994597
 117  0.27136888
 118  0.322939254
 119  0.336054923
 120  0.310608811
 121  0.283117358
 122  0.336698268
 123  0.382237028
 124  0.359534692
 125  0.337804893
 126  0.265216894
 127  0.271681034
 128  0.306367456
 129  0.292372219
 130  0.219549371
 131  0.150122294
 132  0.163542029
 133  0.172391044
 134  0.181017194
 135  0.153169426
 136  0.167662231
 137  0.156134301
 138  0.153531281
 139  0.158225463
 140  0.161095337
 141  0.180696582
 142  0.16892175
 143  0.180773667
 144  0.162957542
 145  0.151737988
 146  0.132348121
 147  0.120564076
 148  0.121511862
 149  0.135058156
 150  0.138473853
 151  0.145095157
 152  0.162182242
 153  0.206757074
 154  0.221861662
 155  0.284009314
 156  0.256610349
 157  0.254806364
 158  0.186219593
 159  0.139323886
 160  0.116468649
 161  0.121742838
 162  0.123205893
 163  0.119276938
 164  0.112609707
 165  0.119613181
 166  0.117533083
 167  0.132819301
 168  0.14150001
 169  0.177335446
 170  0.20732722
 171  0.235072048
 172  0.267259271
 173  0.31395266
 174  0.30897726
 175  0.313077514
 176  0.264550625
 177  0.253100452
 178  0.27543764
 179  0.222410804
 180  0.196480739
 181  0.204010215
 182  0.2301857
 183  0.285539331
 184  0.37993888
 185  0.427718851
 186  0.418487409
 187  0.451625367
 188  0.475698242
 189  0.497168844
 190  0.520665022
 191  0.574469899
 192  0.692881537
 193  0.863961798
 194  0.814195908
 195  0.651081158
 196  0.537701288
 197  0.469981374
 198  0.461226136
 199  0.43280851
 200  0.424551384
 201  0.41536934
 202  0.392891022
 203  0.398653779
 204  0.33910897
 205  0.326017645
 206  0.280567708
 207  0.282459979
