 1  0.0199421707
 2  0.0177320325
 3  0.0148355372
 4  0.0141174761
 5  0.0109237012
 6  0.010727719
 7  0.00980158739
 8  0.00889886781
 9  0.00876912442
 10  0.00819039854
 11  0.00869371346
 12  0.0089467251
 13  0.00878493659
 14  0.0105643726
 15  0.0105404558
 16  0.0103544308
 17  0.00976647119
 18  0.0106259248
 19  0.0111600417
 20  0.0125223206
 21  0.0141874747
 22  0.0157966153
 23  0.0173108282
 24  0.0188343183
 25  0.0197814947
 26  0.0204747022
 27  0.0231757941
 28  0.0229179038
 29  0.019344704
 30  0.0190398421
 31  0.0173539593
 32  0.0169378109
 33  0.0153512149
 34  0.0139026921
 35  0.0138730942
 36  0.0112026564
 37  0.0116190164
 38  0.0117189498
 39  0.0125281911
 40  0.0146801459
 41  0.0147696881
 42  0.0167247928
 43  0.0142802656
 44  0.0143298047
 45  0.0120354417
 46  0.0134163137
 47  0.0174801395
 48  0.0164846457
 49  0.0119070508
 50  0.0108736039
 51  0.0111658868
 52  0.0101848441
 53  0.0102449226
 54  0.00798168798
 55  0.00943558289
 56  0.011129437
 57  0.0105543583
 58  0.0123197209
 59  0.013786277
 60  0.0138949079
 61  0.0163444573
 62  0.0146888712
 63  0.0141000509
 64  0.0186216488
 65  0.0188811203
 66  0.0173122215
 67  0.0150169409
 68  0.0126026336
 69  0.0131455062
 70  0.0143343354
 71  0.0173586795
 72  0.0172380339
 73  0.0164912365
 74  0.0174520516
 75  0.0182156589
 76  0.0172500668
 77  0.0145517235
 78  0.0118803633
 79  0.0100505695
 80  0.00892420446
 81  0.00772280224
 82  0.0083449019
 83  0.00856563358
 84  0.0090827196
 85  0.0101667364
 86  0.0105020826
 87  0.0115360473
 88  0.00995016081
 89  0.0108561471
 90  0.0118187508
 91  0.00917120356
 92  0.00753767447
 93  0.0049995966
 94  0.00494739354
 95  0.00499227566
 96  0.00596189069
 97  0.00706081259
 98  0.00931763307
 99  0.0131774674
 100  0.0166071283
 101  0.0183748667
 102  0.0194741818
 103  0.0204017193
 104  0.0146942193
 105  0.0131920252
 106  0.0121600322
 107  0.00996442641
 108  0.00761472354
 109  0.00699106609
 110  0.00788124437
 111  0.00857246506
 112  0.00723092016
 113  0.00879468187
 114  0.00956600704
 115  0.0099071079
 116  0.00757766096
 117  0.00968312225
 118  0.0122225856
 119  0.0116312085
 120  0.00990339786
 121  0.0087503439
 122  0.0103328276
 123  0.0111727512
 124  0.0103390948
 125  0.0110365441
 126  0.00940918031
 127  0.00990755442
 128  0.0110533941
 129  0.0104068084
 130  0.00927610122
 131  0.0104022795
 132  0.0124028106
 133  0.0145827222
 134  0.0145196701
 135  0.0116788405
 136  0.00901488057
 137  0.00897445561
 138  0.0075244197
 139  0.00657761101
 140  0.005773002
 141  0.00538081216
 142  0.00647596918
 143  0.00729835941
 144  0.00729514432
 145  0.00549441614
 146  0.00551785096
 147  0.00584563545
 148  0.00743753779
 149  0.00974473419
 150  0.00931431064
 151  0.00839705983
 152  0.00872065368
 153  0.00962863038
 154  0.00952621167
 155  0.00962309127
 156  0.00983383104
 157  0.00965781873
 158  0.0104079723
 159  0.00932133774
 160  0.00895952047
 161  0.00995332692
 162  0.0103904864
 163  0.0105156576
 164  0.0093458497
 165  0.00877949677
 166  0.00869432568
 167  0.00801843177
 168  0.00963725393
 169  0.0105235545
 170  0.0129810258
 171  0.0146818069
 172  0.0173050186
 173  0.0187076661
 174  0.0190172553
 175  0.017548304
 176  0.0143344862
 177  0.0138808965
 178  0.0139815083
 179  0.0127127765
 180  0.0114680185
 181  0.0122998266
 182  0.0127091951
 183  0.0152663695
 184  0.0142455232
 185  0.0166551646
 186  0.0155491332
 187  0.0164233631
 188  0.0153072694
 189  0.0180741693
 190  0.017279744
 191  0.0192179878
 192  0.0213917852
 193  0.0287144168
 194  0.0315851251
 195  0.0261283293
 196  0.0194470169
 197  0.0154269549
 198  0.0165494711
 199  0.0157071061
 200  0.0169519002
 201  0.017956457
 202  0.0173789509
 203  0.0190744018
 204  0.0146821729
 205  0.0145780614
 206  0.0134235821
 207  0.0119846823
