 1  0.0227919047
 2  0.0220071516
 3  0.020642659
 4  0.0205975226
 5  0.0181391877
 6  0.0147337893
 7  0.0131857052
 8  0.013093723
 9  0.0130561101
 10  0.0103765708
 11  0.00827391156
 12  0.007343338
 13  0.00792936594
 14  0.00771266061
 15  0.00963170009
 16  0.0100591836
 17  0.012906907
 18  0.0141311638
 19  0.0164296892
 20  0.018147325
 21  0.02032713
 22  0.0206380242
 23  0.0232318619
 24  0.0236030358
 25  0.0230757363
 26  0.0210914193
 27  0.0218758867
 28  0.0211537256
 29  0.0204016546
 30  0.0215793238
 31  0.0224149716
 32  0.0233930384
 33  0.0220465668
 34  0.0217615216
 35  0.0177584849
 36  0.0178051578
 37  0.0147913285
 38  0.0167291539
 39  0.0145206014
 40  0.0109148647
 41  0.0118516436
 42  0.0140574568
 43  0.0119005636
 44  0.016611724
 45  0.0174291223
 46  0.0168390638
 47  0.0201908869
 48  0.0227318259
 49  0.0195040344
 50  0.0133102947
 51  0.0159261575
 52  0.0110148486
 53  0.00959176961
 54  0.0118241736
 55  0.012692325
 56  0.0137578641
 57  0.0122107307
 58  0.014074434
 59  0.0154209162
 60  0.0145399634
 61  0.0153520509
 62  0.0135396885
 63  0.01294817
 64  0.0144748808
 65  0.0132848525
 66  0.0124849686
 67  0.0115689294
 68  0.012052781
 69  0.0152451003
 70  0.0164277011
 71  0.0170935289
 72  0.0169843933
 73  0.0179569915
 74  0.0188015071
 75  0.0203385169
 76  0.0197165907
 77  0.0165323706
 78  0.013803233
 79  0.0117056182
 80  0.00988202702
 81  0.00838377507
 82  0.0094206583
 83  0.0106100461
 84  0.0104078042
 85  0.00989879533
 86  0.00920308207
 87  0.00958796454
 88  0.00781232762
 89  0.0100682587
 90  0.00952333483
 91  0.00880103048
 92  0.00782872561
 93  0.0041802954
 94  0.00510050041
 95  0.00555133166
 96  0.00800323766
 97  0.0103707065
 98  0.0121022527
 99  0.0162065355
 100  0.0206637364
 101  0.0243027722
 102  0.0252126341
 103  0.0291911405
 104  0.020049252
 105  0.0179669563
 106  0.0174733721
 107  0.0155686682
 108  0.0154159541
 109  0.0121733771
 110  0.0109866355
 111  0.0105235671
 112  0.00779915402
 113  0.0078099946
 114  0.00749123656
 115  0.00734526717
 116  0.00968245788
 117  0.0121476979
 118  0.0140307135
 119  0.0135901513
 120  0.0138760031
 121  0.0127491582
 122  0.0128895001
 123  0.0153881493
 124  0.0161740878
 125  0.0127066266
 126  0.0102984301
 127  0.00803389871
 128  0.00655697834
 129  0.00738353869
 130  0.00715121622
 131  0.00790461756
 132  0.0124019303
 133  0.0157519245
 134  0.0159668533
 135  0.0151410972
 136  0.0145203786
 137  0.0113172923
 138  0.0106588129
 139  0.00936236176
 140  0.00864938723
 141  0.00944459715
 142  0.00548815059
 143  0.00535853373
 144  0.00704116099
 145  0.00644902855
 146  0.00859471718
 147  0.00753207543
 148  0.00857733261
 149  0.00852511366
 150  0.00716303422
 151  0.00620659431
 152  0.00642309842
 153  0.00695824246
 154  0.00725783249
 155  0.0094714464
 156  0.0117501082
 157  0.0110046716
 158  0.00887476155
 159  0.0057304713
 160  0.00569774512
 161  0.00736043978
 162  0.00832035196
 163  0.0102245425
 164  0.0100090752
 165  0.0102994637
 166  0.0100206247
 167  0.00887993971
 168  0.00926529441
 169  0.0104549871
 170  0.0113996465
 171  0.0137383908
 172  0.0143401397
 173  0.0129184333
 174  0.0119727237
 175  0.0106668849
 176  0.00928834761
 177  0.0103381601
 178  0.0119920318
 179  0.0130098649
 180  0.0128464447
 181  0.0146344107
 182  0.0139814886
 183  0.0155263881
 184  0.0157592633
 185  0.0177986038
 186  0.0181936902
 187  0.0185526517
 188  0.0192155331
 189  0.0242341688
 190  0.0251833593
 191  0.0265902082
 192  0.0300317911
 193  0.0350665543
 194  0.0320929341
 195  0.0253760112
 196  0.0211171916
 197  0.0216874505
 198  0.0226658618
 199  0.0232132938
 200  0.022653101
 201  0.0221582798
 202  0.0218138795
 203  0.0205387197
 204  0.016610451
 205  0.015625683
 206  0.014408423
 207  0.0146354493
