 1  0.315683784
 2  0.274775517
 3  0.230762037
 4  0.237163062
 5  0.189049019
 6  0.230688049
 7  0.209281475
 8  0.212917457
 9  0.180423816
 10  0.181946519
 11  0.173796719
 12  0.17031126
 13  0.200288567
 14  0.24882591
 15  0.255462763
 16  0.253120467
 17  0.257457809
 18  0.260677432
 19  0.251849429
 20  0.252223889
 21  0.256963409
 22  0.262515569
 23  0.291391129
 24  0.332187132
 25  0.313513666
 26  0.316037833
 27  0.350988818
 28  0.345932602
 29  0.292933021
 30  0.303556468
 31  0.301423486
 32  0.317534172
 33  0.291263921
 34  0.295534701
 35  0.300867556
 36  0.287695742
 37  0.309093344
 38  0.329651047
 39  0.358354303
 40  0.371480023
 41  0.364568735
 42  0.360181402
 43  0.282820107
 44  0.29993311
 45  0.293105624
 46  0.278955956
 47  0.37994388
 48  0.350468642
 49  0.273751911
 50  0.286751316
 51  0.205395405
 52  0.162464151
 53  0.200099181
 54  0.160039563
 55  0.155364512
 56  0.197546008
 57  0.176501848
 58  0.214881736
 59  0.253579915
 60  0.24695277
 61  0.284329363
 62  0.309219657
 63  0.340389409
 64  0.380169978
 65  0.388457267
 66  0.364036145
 67  0.295822942
 68  0.24510767
 69  0.216883842
 70  0.211668584
 71  0.258809599
 72  0.278805813
 73  0.250664485
 74  0.261683876
 75  0.277350538
 76  0.264260441
 77  0.229096843
 78  0.18794807
 79  0.161936299
 80  0.144690769
 81  0.128968722
 82  0.12614744
 83  0.137221222
 84  0.132043664
 85  0.129293792
 86  0.144591139
 87  0.173840539
 88  0.148453941
 89  0.163449289
 90  0.180110742
 91  0.128285468
 92  0.138644453
 93  0.127800761
 94  0.125614896
 95  0.128509645
 96  0.140808967
 97  0.163057018
 98  0.191886197
 99  0.230941273
 100  0.25623241
 101  0.283772644
 102  0.313190771
 103  0.305105707
 104  0.264678818
 105  0.232177853
 106  0.219174581
 107  0.182609347
 108  0.167200273
 109  0.148032046
 110  0.149056809
 111  0.139335445
 112  0.12199433
 113  0.150675113
 114  0.160780977
 115  0.146290407
 116  0.141827293
 117  0.264423112
 118  0.342672496
 119  0.334085196
 120  0.283166221
 121  0.236034149
 122  0.260595862
 123  0.301128807
 124  0.279746585
 125  0.26199017
 126  0.210904641
 127  0.219537738
 128  0.267645365
 129  0.249801881
 130  0.197037253
 131  0.158839749
 132  0.162774683
 133  0.153886463
 134  0.160805644
 135  0.132116384
 136  0.137512637
 137  0.151269612
 138  0.148369777
 139  0.145659111
 140  0.139687782
 141  0.146130439
 142  0.173589348
 143  0.184010399
 144  0.167175176
 145  0.147135736
 146  0.140617373
 147  0.119288654
 148  0.119591968
 149  0.131961521
 150  0.144743765
 151  0.143906923
 152  0.17498992
 153  0.211155575
 154  0.210645168
 155  0.234362306
 156  0.243258715
 157  0.24601799
 158  0.231471689
 159  0.183639921
 160  0.149539584
 161  0.142450509
 162  0.140168745
 163  0.121953311
 164  0.121629811
 165  0.121830214
 166  0.1362505
 167  0.144430104
 168  0.163568472
 169  0.185407274
 170  0.207540011
 171  0.216631409
 172  0.241914891
 173  0.276328824
 174  0.294560029
 175  0.283801251
 176  0.232341571
 177  0.230418802
 178  0.259101978
 179  0.218386535
 180  0.191792083
 181  0.17693773
 182  0.189221437
 183  0.228635668
 184  0.249716348
 185  0.305802364
 186  0.3113217
 187  0.342942547
 188  0.356057009
 189  0.361292379
 190  0.395747187
 191  0.472389401
 192  0.564613779
 193  0.737424578
 194  0.821316759
 195  0.66099952
 196  0.494519405
 197  0.398943812
 198  0.402803189
 199  0.345667493
 200  0.332067049
 201  0.313851985
 202  0.286618608
 203  0.292102014
 204  0.255156363
 205  0.253161124
 206  0.238514078
 207  0.231532887
