 1  0.376313327
 2  0.344910826
 3  0.298784453
 4  0.296033093
 5  0.246320822
 6  0.24160803
 7  0.212948251
 8  0.197578738
 9  0.176021922
 10  0.164074198
 11  0.167607468
 12  0.173085557
 13  0.178847877
 14  0.234616827
 15  0.22865782
 16  0.230749183
 17  0.230519333
 18  0.250989365
 19  0.268393049
 20  0.286740177
 21  0.311040059
 22  0.319215971
 23  0.33927301
 24  0.356472868
 25  0.345333753
 26  0.324412582
 27  0.355321342
 28  0.346668434
 29  0.295398737
 30  0.320980887
 31  0.32160627
 32  0.341727233
 33  0.325793017
 34  0.325809074
 35  0.318478685
 36  0.295054285
 37  0.28971227
 38  0.291799967
 39  0.31150438
 40  0.351432746
 41  0.353315743
 42  0.381100723
 43  0.322349169
 44  0.359235357
 45  0.347407337
 46  0.351446797
 47  0.435028831
 48  0.435451069
 49  0.33336986
 50  0.30131339
 51  0.268926268
 52  0.184431129
 53  0.200373692
 54  0.172608092
 55  0.182446183
 56  0.225655304
 57  0.206595705
 58  0.249738205
 59  0.271292588
 60  0.254098088
 61  0.276153126
 62  0.290194267
 63  0.296772701
 64  0.328575661
 65  0.314207073
 66  0.295713196
 67  0.263008238
 68  0.232797938
 69  0.222455765
 70  0.238163193
 71  0.273189685
 72  0.288890444
 73  0.288475336
 74  0.315159113
 75  0.344916291
 76  0.322967069
 77  0.270717457
 78  0.225435753
 79  0.185875836
 80  0.154608512
 81  0.131250466
 82  0.131935716
 83  0.142959089
 84  0.152341507
 85  0.162024411
 86  0.178204012
 87  0.206499115
 88  0.178792693
 89  0.190326172
 90  0.20814436
 91  0.154271938
 92  0.161097174
 93  0.135606626
 94  0.131687953
 95  0.137713338
 96  0.160807353
 97  0.197801196
 98  0.237797939
 99  0.291508488
 100  0.33410707
 101  0.379481674
 102  0.418088444
 103  0.413700791
 104  0.35165546
 105  0.303114982
 106  0.288294953
 107  0.236323469
 108  0.204903145
 109  0.163519223
 110  0.162072833
 111  0.148193814
 112  0.122957009
 113  0.158010193
 114  0.175441979
 115  0.163509836
 116  0.15565857
 117  0.264651773
 118  0.362454826
 119  0.349307278
 120  0.287265501
 121  0.24001014
 122  0.281371396
 123  0.331266767
 124  0.306343349
 125  0.300678069
 126  0.239241135
 127  0.239403222
 128  0.279272472
 129  0.257601886
 130  0.213014438
 131  0.172338171
 132  0.200516103
 133  0.201992438
 134  0.199359239
 135  0.170127205
 136  0.139808728
 137  0.134175954
 138  0.122666872
 139  0.11801081
 140  0.116663619
 141  0.121503238
 142  0.150525228
 143  0.16559042
 144  0.150255946
 145  0.138361012
 146  0.126483003
 147  0.127402814
 148  0.150171037
 149  0.16433557
 150  0.173745056
 151  0.165400555
 152  0.175954312
 153  0.215750851
 154  0.223099497
 155  0.245703713
 156  0.27781611
 157  0.27963509
 158  0.256860661
 159  0.196530989
 160  0.159006138
 161  0.158148468
 162  0.158047835
 163  0.15334565
 164  0.14145582
 165  0.135494682
 166  0.134955361
 167  0.13678527
 168  0.162034675
 169  0.191692609
 170  0.221203204
 171  0.250030365
 172  0.27151892
 173  0.288634477
 174  0.293795419
 175  0.272912155
 176  0.210121359
 177  0.192221474
 178  0.21165616
 179  0.173995762
 180  0.155448085
 181  0.161319389
 182  0.197430275
 183  0.245859762
 184  0.265511449
 185  0.32276341
 186  0.330771496
 187  0.357390025
 188  0.37300629
 189  0.381356319
 190  0.420030078
 191  0.482894846
 192  0.566012702
 193  0.699473044
 194  0.743708782
 195  0.602554262
 196  0.469268551
 197  0.402437683
 198  0.407906637
 199  0.366840121
 200  0.348782026
 201  0.331518549
 202  0.308256581
 203  0.304252125
 204  0.26846834
 205  0.250292225
 206  0.233553821
 207  0.206011427
