 1  0.0230348308
 2  0.0206472473
 3  0.0176686934
 4  0.0159738265
 5  0.0138048549
 6  0.0115771612
 7  0.0106280426
 8  0.00954615463
 9  0.00946813591
 10  0.00919645797
 11  0.00937534227
 12  0.0088758093
 13  0.0112417712
 14  0.0111572165
 15  0.0107262725
 16  0.010020571
 17  0.0102119317
 18  0.0107428631
 19  0.0133197137
 20  0.0140116601
 21  0.01622013
 22  0.0180402728
 23  0.0211801761
 24  0.02177009
 25  0.0237578528
 26  0.0225702746
 27  0.0258002698
 28  0.0254958736
 29  0.0221900607
 30  0.0220873227
 31  0.0202976953
 32  0.0201642089
 33  0.0173172607
 34  0.0161674414
 35  0.0131975419
 36  0.0125100767
 37  0.0101173243
 38  0.0126789612
 39  0.0130448315
 40  0.0118025978
 41  0.0116402627
 42  0.0121057952
 43  0.0084665836
 44  0.0139288189
 45  0.0143909673
 46  0.0122717575
 47  0.01335473
 48  0.0148777317
 49  0.0140758038
 50  0.0107610336
 51  0.0124061932
 52  0.00898811081
 53  0.00874437785
 54  0.00987176711
 55  0.0101976091
 56  0.0113175431
 57  0.01143077
 58  0.0134111464
 59  0.0156152837
 60  0.0151840671
 61  0.0178189985
 62  0.0150742843
 63  0.0161993807
 64  0.0185303872
 65  0.0168703079
 66  0.0155439943
 67  0.0125811041
 68  0.0115310556
 69  0.0119085833
 70  0.0131724785
 71  0.0152364153
 72  0.0142110931
 73  0.0140069947
 74  0.0161065852
 75  0.0177853579
 76  0.0161177993
 77  0.0140907764
 78  0.011946363
 79  0.0105071278
 80  0.00905231689
 81  0.00842114949
 82  0.00874600041
 83  0.0101732749
 84  0.00950255826
 85  0.00915007064
 86  0.00741305653
 87  0.00823639801
 88  0.0076282582
 89  0.00980843635
 90  0.00859075751
 91  0.00831356535
 92  0.00677615491
 93  0.0053332205
 94  0.00474786612
 95  0.00462282034
 96  0.00588503269
 97  0.0076174793
 98  0.00919361458
 99  0.0133441367
 100  0.0187213477
 101  0.0211883859
 102  0.0234054253
 103  0.0257639201
 104  0.0180201283
 105  0.01544002
 106  0.0132341353
 107  0.0112604635
 108  0.00978318399
 109  0.00787690495
 110  0.00705701089
 111  0.00760547485
 112  0.00776808443
 113  0.00821842792
 114  0.00885290578
 115  0.00852258898
 116  0.00954991023
 117  0.00921499622
 118  0.0127874285
 119  0.0134576829
 120  0.0121920668
 121  0.0101533434
 122  0.0118486902
 123  0.0138945128
 124  0.0129421746
 125  0.0110183042
 126  0.00714183221
 127  0.00739662579
 128  0.00818850267
 129  0.00973394969
 130  0.00883230789
 131  0.00677715709
 132  0.00990608294
 133  0.0125090978
 134  0.0129325994
 135  0.0124303317
 136  0.0126728794
 137  0.0116793345
 138  0.010670772
 139  0.0103378619
 140  0.0107225285
 141  0.0103894615
 142  0.00658150574
 143  0.00712039571
 144  0.00809115761
 145  0.00772938638
 146  0.00745612281
 147  0.00648751424
 148  0.00623398673
 149  0.00710481707
 150  0.00668740442
 151  0.00635266252
 152  0.00736503098
 153  0.0068313287
 154  0.00555678432
 155  0.00618672657
 156  0.00582059173
 157  0.00691749061
 158  0.00625892934
 159  0.00560945629
 160  0.00600185597
 161  0.00760836153
 162  0.00854673899
 163  0.00961944253
 164  0.00955404715
 165  0.0101221263
 166  0.00926587819
 167  0.00902066524
 168  0.00912379964
 169  0.00995030522
 170  0.0104778633
 171  0.0113213091
 172  0.0115389656
 173  0.0111180059
 174  0.0115991079
 175  0.0115049235
 176  0.0103231474
 177  0.0113499259
 178  0.0136176826
 179  0.012835317
 180  0.0124465676
 181  0.0132726233
 182  0.012373241
 183  0.0136171296
 184  0.0157223602
 185  0.0174160257
 186  0.0162867791
 187  0.0169035933
 188  0.0168475003
 189  0.0228606631
 190  0.0219446616
 191  0.0211846652
 192  0.023027994
 193  0.0303140574
 194  0.0307634818
 195  0.0242944561
 196  0.0173746824
 197  0.0159637349
 198  0.0168322357
 199  0.0184398919
 200  0.0193318449
 201  0.0207260984
 202  0.019947668
 203  0.0208461355
 204  0.0162335193
 205  0.0155989012
 206  0.013519834
 207  0.0121462542
