 1  0.0169592378
 2  0.0146802419
 3  0.0126561587
 4  0.0125766522
 5  0.0101400128
 6  0.0102267828
 7  0.0097165302
 8  0.00860541272
 9  0.00731940497
 10  0.0067112426
 11  0.00598556858
 12  0.0052111591
 13  0.00500569026
 14  0.00754845955
 15  0.00843004091
 16  0.00933079438
 17  0.0103287783
 18  0.011365091
 19  0.0116054545
 20  0.0125992452
 21  0.0135050847
 22  0.0142494766
 23  0.0168141591
 24  0.0191469197
 25  0.0183138471
 26  0.0187316588
 27  0.0205286785
 28  0.0205198649
 29  0.0177638734
 30  0.018218184
 31  0.0175481264
 32  0.0178364791
 33  0.0157537809
 34  0.0154607138
 35  0.0143725004
 36  0.013392407
 37  0.013108472
 38  0.0141784867
 39  0.0135575734
 40  0.0130101576
 41  0.0119242564
 42  0.0120927368
 43  0.0117238793
 44  0.00940575403
 45  0.00908845421
 46  0.0100812373
 47  0.0177103907
 48  0.0153404358
 49  0.0104681092
 50  0.0116908568
 51  0.00785729352
 52  0.00757202584
 53  0.0094928035
 54  0.00795694157
 55  0.00816419508
 56  0.0108590534
 57  0.00935936139
 58  0.0114325297
 59  0.0132574582
 60  0.0133088476
 61  0.0154074785
 62  0.0133883452
 63  0.0135565369
 64  0.0143045796
 65  0.0151699752
 66  0.0160414496
 67  0.0125970368
 68  0.0102226322
 69  0.00958400438
 70  0.0097690247
 71  0.0113661143
 72  0.0118377099
 73  0.0109280924
 74  0.011417451
 75  0.0125372408
 76  0.0124881091
 77  0.0111567372
 78  0.0103232449
 79  0.00945934946
 80  0.00850938647
 81  0.00725948198
 82  0.00664177285
 83  0.00710404657
 84  0.00690175045
 85  0.00618378057
 86  0.00698324375
 87  0.00749050857
 88  0.00594208386
 89  0.00541931178
 90  0.00712558342
 91  0.00458739181
 92  0.00489788181
 93  0.00437731081
 94  0.00445198009
 95  0.00435139172
 96  0.00518806747
 97  0.00589297605
 98  0.00719193581
 99  0.00999588933
 100  0.0125398481
 101  0.0139262487
 102  0.0155665554
 103  0.0147001427
 104  0.0114054935
 105  0.0103771272
 106  0.00954263662
 107  0.00804125694
 108  0.00704779527
 109  0.00694881162
 110  0.00660546078
 111  0.00649836222
 112  0.00405965517
 113  0.0050032368
 114  0.00528880726
 115  0.00490477425
 116  0.00463995863
 117  0.00910510482
 118  0.0105389164
 119  0.00927868412
 120  0.00811162569
 121  0.00765128664
 122  0.00878298288
 123  0.00915697308
 124  0.0090116755
 125  0.00938915456
 126  0.00845221551
 127  0.00889900442
 128  0.00989151082
 129  0.008942889
 130  0.00745346026
 131  0.00811029007
 132  0.00966506334
 133  0.00942248391
 134  0.009566458
 135  0.00762057777
 136  0.00758866682
 137  0.00856331207
 138  0.00889437142
 139  0.00921975689
 140  0.00907468318
 141  0.00903245226
 142  0.00849662877
 143  0.0083350408
 144  0.00793231143
 145  0.00563818953
 146  0.00539609893
 147  0.00419994301
 148  0.00433868177
 149  0.00557189322
 150  0.00590231011
 151  0.00529031236
 152  0.00721691598
 153  0.00839004026
 154  0.00874751947
 155  0.00997994769
 156  0.0104534195
 157  0.00972255856
 158  0.0098367589
 159  0.00820199451
 160  0.00682339375
 161  0.00681455624
 162  0.00694010323
 163  0.0064462331
 164  0.00674422695
 165  0.00677913993
 166  0.00757870831
 167  0.00812519386
 168  0.0095027668
 169  0.010194578
 170  0.0106493201
 171  0.0111965144
 172  0.0124993582
 173  0.015079766
 174  0.0157620901
 175  0.0156298516
 176  0.0125543671
 177  0.0133896498
 178  0.0155642223
 179  0.0121075921
 180  0.0106011067
 181  0.0101035147
 182  0.0101335137
 183  0.012102255
 184  0.0127719267
 185  0.0150801164
 186  0.0152728086
 187  0.0171228533
 188  0.0168890834
 189  0.0194273748
 190  0.019598529
 191  0.0216333607
 192  0.0238137135
 193  0.0293833487
 194  0.031794508
 195  0.0266375116
 196  0.0213017412
 197  0.0183938355
 198  0.0187878672
 199  0.0176607257
 200  0.0179991488
 201  0.0178206408
 202  0.01660777
 203  0.0175985489
 204  0.0134371497
 205  0.012964531
 206  0.0120326528
 207  0.0101365158
