 1  0.0192365423
 2  0.0171454841
 3  0.0149788494
 4  0.0143054226
 5  0.0123550406
 6  0.0103190902
 7  0.0101902537
 8  0.00877172726
 9  0.00795667386
 10  0.00646271911
 11  0.00645494957
 12  0.00638620542
 13  0.0054601631
 14  0.00773616796
 15  0.00827747404
 16  0.00919381464
 17  0.0100525351
 18  0.0113152061
 19  0.0119561089
 20  0.01342772
 21  0.0148108198
 22  0.0160915686
 23  0.0178731356
 24  0.0195268891
 25  0.0196109184
 26  0.0199596086
 27  0.0223615281
 28  0.022296132
 29  0.0194086617
 30  0.0195238157
 31  0.0184003918
 32  0.0185311704
 33  0.0169022491
 34  0.016409871
 35  0.0149617698
 36  0.014116814
 37  0.0131211031
 38  0.0137140758
 39  0.0128916666
 40  0.0125034932
 41  0.0131888156
 42  0.0156612816
 43  0.0150765531
 44  0.0141868853
 45  0.0127232056
 46  0.0147013486
 47  0.0200021032
 48  0.020117392
 49  0.0134897342
 50  0.0107934551
 51  0.0117106733
 52  0.0100933346
 53  0.00984360888
 54  0.00892175299
 55  0.0101673379
 56  0.0116583626
 57  0.010740329
 58  0.0126653807
 59  0.0141562502
 60  0.0143370403
 61  0.0165254047
 62  0.0145860308
 63  0.0135414713
 64  0.0141659812
 65  0.0151751068
 66  0.0157598474
 67  0.0136708617
 68  0.0112624248
 69  0.0136018654
 70  0.0139792973
 71  0.0159625863
 72  0.0167880654
 73  0.0166003742
 74  0.0166819624
 75  0.017529632
 76  0.0176931507
 77  0.0150641804
 78  0.0128557305
 79  0.0113476384
 80  0.00948716802
 81  0.00769571254
 82  0.00718419649
 83  0.00687812254
 84  0.00756630082
 85  0.0081679217
 86  0.00902180236
 87  0.0100613732
 88  0.00792714869
 89  0.00859798475
 90  0.00955874932
 91  0.00690907707
 92  0.00597716632
 93  0.00430162441
 94  0.00455676939
 95  0.00497651369
 96  0.00636686909
 97  0.00830125756
 98  0.00992986932
 99  0.0137440506
 100  0.0162393217
 101  0.0181539737
 102  0.0192399998
 103  0.019514382
 104  0.0144194063
 105  0.0132044645
 106  0.0126761133
 107  0.0110159701
 108  0.0099872208
 109  0.00854636005
 110  0.00834819795
 111  0.00805425254
 112  0.00514587257
 113  0.00618016746
 114  0.00683025981
 115  0.00714893715
 116  0.00578947409
 117  0.00868586892
 118  0.0112612443
 119  0.0106921771
 120  0.00947513386
 121  0.00917883753
 122  0.0102523197
 123  0.0113768097
 124  0.0116209284
 125  0.0115060179
 126  0.0106199057
 127  0.0104356259
 128  0.0103860636
 129  0.00881967476
 130  0.00787505516
 131  0.00980690951
 132  0.0124409138
 133  0.0135941451
 134  0.0131759732
 135  0.0104541467
 136  0.00842106338
 137  0.00764809248
 138  0.00760789765
 139  0.00782459674
 140  0.00712735077
 141  0.00769515913
 142  0.00781539287
 143  0.00777927998
 144  0.00717688538
 145  0.00454757885
 146  0.00441558837
 147  0.00431125939
 148  0.0060378106
 149  0.00823885722
 150  0.00791948722
 151  0.00698652695
 152  0.00744794796
 153  0.00885993191
 154  0.00999033653
 155  0.0110552956
 156  0.0122028561
 157  0.010982439
 158  0.0107308013
 159  0.00850326304
 160  0.00769632859
 161  0.00821183479
 162  0.0084963788
 163  0.00853306053
 164  0.0077551318
 165  0.00730271694
 166  0.00768779769
 167  0.00792832627
 168  0.0101742377
 169  0.0118128469
 170  0.013841934
 171  0.0159050896
 172  0.0182549309
 173  0.0203094397
 174  0.0199466169
 175  0.0189777227
 176  0.0148938134
 177  0.0146650996
 178  0.0148837392
 179  0.0116513886
 180  0.0103825385
 181  0.0112891907
 182  0.0123466918
 183  0.0150550157
 184  0.0148207863
 185  0.0171761845
 186  0.0169139413
 187  0.0186132042
 188  0.0179098716
 189  0.0207913171
 190  0.0208009389
 191  0.0223214103
 192  0.0244712448
 193  0.0288355365
 194  0.0268166412
 195  0.0231348415
 196  0.0197108316
 197  0.0184757012
 198  0.0189124182
 199  0.0185720005
 200  0.0191355274
 201  0.0193924791
 202  0.0186257217
 203  0.0194458004
 204  0.0151427408
 205  0.0146363966
 206  0.0134950543
 207  0.0118648754
