 1  0.419022043
 2  0.41253885
 3  0.383146461
 4  0.407978386
 5  0.368198414
 6  0.327447718
 7  0.286010499
 8  0.279063625
 9  0.23089173
 10  0.207221794
 11  0.18795186
 12  0.190464872
 13  0.185660379
 14  0.233481694
 15  0.256523601
 16  0.276245021
 17  0.324437646
 18  0.34871459
 19  0.389645922
 20  0.403103783
 21  0.421164859
 22  0.39449594
 23  0.40647762
 24  0.388464796
 25  0.362751115
 26  0.30491379
 27  0.318976429
 28  0.318688367
 29  0.304093288
 30  0.343508865
 31  0.37111829
 32  0.412677455
 33  0.418541591
 34  0.448385689
 35  0.414791095
 36  0.430420565
 37  0.402869913
 38  0.452901761
 39  0.427365666
 40  0.372443499
 41  0.410503718
 42  0.440516883
 43  0.369694597
 44  0.419127712
 45  0.41770245
 46  0.415699219
 47  0.501994022
 48  0.539903198
 49  0.415335563
 50  0.327275181
 51  0.329564855
 52  0.202436424
 53  0.188879871
 54  0.222683822
 55  0.207561439
 56  0.259552926
 57  0.230938877
 58  0.278277823
 59  0.290194999
 60  0.259651129
 61  0.260507153
 62  0.27261151
 63  0.28693976
 64  0.25701891
 65  0.26370001
 66  0.259882855
 67  0.233375901
 68  0.212092989
 69  0.241045622
 70  0.258733879
 71  0.260771591
 72  0.288695221
 73  0.31409903
 74  0.327093872
 75  0.362955039
 76  0.360534116
 77  0.301998332
 78  0.237151863
 79  0.190417597
 80  0.140247407
 81  0.114237935
 82  0.120860485
 83  0.14621919
 84  0.157205232
 85  0.168114844
 86  0.168669742
 87  0.179765663
 88  0.170245217
 89  0.215622924
 90  0.203913866
 91  0.165308297
 92  0.1635073
 93  0.120581202
 94  0.128180061
 95  0.140581857
 96  0.183204015
 97  0.246750352
 98  0.285094894
 99  0.359412657
 100  0.410707407
 101  0.497234683
 102  0.519768186
 103  0.542394529
 104  0.4540006
 105  0.386346646
 106  0.390203941
 107  0.322469925
 108  0.31539127
 109  0.229039214
 110  0.192414334
 111  0.161481206
 112  0.124799103
 113  0.151303326
 114  0.178472582
 115  0.153460973
 116  0.224030358
 117  0.349754463
 118  0.404116534
 119  0.389808383
 120  0.359505941
 121  0.329788882
 122  0.35225541
 123  0.401910616
 124  0.407430914
 125  0.369169871
 126  0.321672495
 127  0.287331028
 128  0.294411009
 129  0.257491746
 130  0.200763964
 131  0.156169433
 132  0.192593295
 133  0.213192674
 134  0.218197165
 135  0.200656041
 136  0.202085216
 137  0.16224195
 138  0.171444914
 139  0.16392453
 140  0.15603729
 141  0.172383449
 142  0.147556436
 143  0.134732206
 144  0.140291842
 145  0.138290508
 146  0.151209885
 147  0.145081077
 148  0.165785768
 149  0.156720944
 150  0.151820565
 151  0.145327308
 152  0.167441288
 153  0.244996691
 154  0.277618863
 155  0.326950051
 156  0.361939957
 157  0.354798786
 158  0.292709967
 159  0.186329622
 160  0.134233002
 161  0.131972996
 162  0.130218763
 163  0.142996508
 164  0.136479239
 165  0.137932639
 166  0.129919641
 167  0.127561537
 168  0.131638786
 169  0.173306878
 170  0.216044797
 171  0.266380966
 172  0.280186504
 173  0.27556572
 174  0.260622232
 175  0.240384165
 176  0.184307622
 177  0.190639573
 178  0.236564786
 179  0.218127507
 180  0.183886097
 181  0.203740532
 182  0.221469328
 183  0.276238807
 184  0.330948501
 185  0.385240854
 186  0.405203706
 187  0.432053703
 188  0.46377218
 189  0.472740542
 190  0.514710494
 191  0.580948762
 192  0.677694973
 193  0.782061756
 194  0.715851217
 195  0.593941271
 196  0.527683705
 197  0.509093163
 198  0.49692654
 199  0.466563035
 200  0.438624506
 201  0.40019425
 202  0.377642983
 203  0.347354689
 204  0.298020992
 205  0.266637056
 206  0.23517084
 207  0.238998564
