 1  0.0153530919
 2  0.0133036008
 3  0.0110624317
 4  0.0115230657
 5  0.00861481557
 6  0.0114521925
 7  0.0106850678
 8  0.0107427423
 9  0.00893133565
 10  0.00897285983
 11  0.008211688
 12  0.00787873894
 13  0.00885346762
 14  0.0107825384
 15  0.0116363691
 16  0.0117982993
 17  0.0124564096
 18  0.012866904
 19  0.0118608307
 20  0.012187117
 21  0.0123781389
 22  0.0130063841
 23  0.0145488983
 24  0.0170840185
 25  0.0161294823
 26  0.0174453133
 27  0.0193493644
 28  0.0193409118
 29  0.016395828
 30  0.0166048921
 31  0.0158575121
 32  0.0160131753
 33  0.0144204274
 34  0.0141409433
 35  0.0145489156
 36  0.0133079264
 37  0.0145596877
 38  0.0161819561
 39  0.0166568358
 40  0.0165414213
 41  0.0153434061
 42  0.0152026102
 43  0.0125988365
 44  0.0116815188
 45  0.0115960623
 46  0.00993171227
 47  0.0170680892
 48  0.0145385239
 49  0.0122664327
 50  0.0123859587
 51  0.00668313011
 52  0.00719342064
 53  0.00998945072
 54  0.00715047844
 55  0.00707119727
 56  0.00960403758
 57  0.00817339664
 58  0.00975415478
 59  0.0118727929
 60  0.011888599
 61  0.0139079245
 62  0.0126457065
 63  0.0123471602
 64  0.0164923758
 65  0.0171796569
 66  0.0159938533
 67  0.0130000081
 68  0.0105642553
 69  0.00983035251
 70  0.00992396052
 71  0.0116144235
 72  0.0116029136
 73  0.010375972
 74  0.0110293617
 75  0.0119147743
 76  0.0113688703
 77  0.0100027327
 78  0.00894000776
 79  0.00807296437
 80  0.00785924344
 81  0.00720665463
 82  0.0073971238
 83  0.00793611377
 84  0.00760389112
 85  0.00753039349
 86  0.00812383048
 87  0.00869295428
 88  0.00765274801
 89  0.00759488079
 90  0.00929219482
 91  0.00676125325
 92  0.0063872436
 93  0.00491092821
 94  0.00500624117
 95  0.00475072426
 96  0.00496836608
 97  0.00496217401
 98  0.00646374252
 99  0.00869897629
 100  0.0114061726
 101  0.0127796691
 102  0.0143338894
 103  0.0131780285
 104  0.00954950792
 105  0.0086982608
 106  0.00812175191
 107  0.00671122143
 108  0.00588629956
 109  0.0061199804
 110  0.00684776582
 111  0.00762989342
 112  0.00634465723
 113  0.00753233289
 114  0.00783735222
 115  0.00753489821
 116  0.00556036478
 117  0.00969977422
 118  0.012654518
 119  0.0110354753
 120  0.0093784973
 121  0.00863215447
 122  0.0100083992
 123  0.010945236
 124  0.0101569523
 125  0.0100092703
 126  0.00837308941
 127  0.00929026306
 128  0.0115373043
 129  0.0104140765
 130  0.00835309774
 131  0.00790027854
 132  0.00826449511
 133  0.00883289767
 134  0.00993855455
 135  0.00780722715
 136  0.00715695547
 137  0.00844616522
 138  0.00792567159
 139  0.00746193101
 140  0.00718897291
 141  0.00735146223
 142  0.00745753276
 143  0.0078140321
 144  0.00738619139
 145  0.00530316416
 146  0.00531432897
 147  0.0043142347
 148  0.00457023523
 149  0.00619120378
 150  0.00663030064
 151  0.0062006486
 152  0.00819480728
 153  0.00945626248
 154  0.0093229048
 155  0.0105775938
 156  0.0106446535
 157  0.0104997993
 158  0.0103835337
 159  0.00900195504
 160  0.00770859587
 161  0.0080201436
 162  0.00806955839
 163  0.00734723364
 164  0.00730970551
 165  0.00721944324
 166  0.00793126584
 167  0.00795992075
 168  0.00890819192
 169  0.00924455929
 170  0.00967370565
 171  0.00968116112
 172  0.0112489482
 173  0.0131234986
 174  0.0145020061
 175  0.0138067189
 176  0.0116639598
 177  0.0115346791
 178  0.0132712579
 179  0.0117279557
 180  0.0103941929
 181  0.0102389508
 182  0.00999199877
 183  0.0119740899
 184  0.0122766459
 185  0.0147044844
 186  0.0141687754
 187  0.015319194
 188  0.0148696156
 189  0.017289334
 190  0.0176548394
 191  0.0221404345
 192  0.0268764347
 193  0.0367998789
 194  0.0422064281
 195  0.033648456
 196  0.0248360269
 197  0.0188269426
 198  0.0192131744
 199  0.0162931772
 200  0.0167761528
 201  0.0165404607
 202  0.0154470845
 203  0.0168008502
 204  0.0124739726
 205  0.0123197735
 206  0.0112881377
 207  0.00982949172
