 1  0.36284099
 2  0.340358705
 3  0.308750032
 4  0.321151064
 5  0.287867611
 6  0.262626556
 7  0.235671848
 8  0.213467958
 9  0.16218786
 10  0.144929594
 11  0.137377237
 12  0.13672385
 13  0.114532514
 14  0.178460933
 15  0.194513529
 16  0.222691678
 17  0.251602753
 18  0.281485121
 19  0.305857242
 20  0.323880104
 21  0.337475706
 22  0.331950594
 23  0.349367146
 24  0.362700041
 25  0.342756958
 26  0.314823023
 27  0.331203976
 28  0.337404011
 29  0.310982216
 30  0.337702546
 31  0.341972681
 32  0.367039721
 33  0.354937201
 34  0.369332753
 35  0.348507416
 36  0.34881421
 37  0.326548625
 38  0.344769745
 39  0.32804531
 40  0.318388908
 41  0.339371698
 42  0.37927821
 43  0.34508686
 44  0.34770231
 45  0.336142254
 46  0.352161504
 47  0.457386973
 48  0.467513607
 49  0.331561948
 50  0.28989494
 51  0.266683897
 52  0.181381519
 53  0.199222084
 54  0.19057364
 55  0.19278389
 56  0.244941497
 57  0.215162892
 58  0.258688448
 59  0.280984687
 60  0.26287785
 61  0.272248249
 62  0.284091545
 63  0.291020099
 64  0.268593392
 65  0.274703198
 66  0.286253422
 67  0.253274414
 68  0.214640384
 69  0.209245395
 70  0.220229427
 71  0.239121031
 72  0.264133178
 73  0.280078956
 74  0.288887759
 75  0.323028429
 76  0.331374191
 77  0.279411122
 78  0.238421952
 79  0.201361184
 80  0.159668353
 81  0.128790308
 82  0.113840071
 83  0.119159427
 84  0.131966556
 85  0.140372909
 86  0.157571188
 87  0.175133512
 88  0.1481507
 89  0.15684998
 90  0.175256733
 91  0.126673457
 92  0.135065121
 93  0.11709557
 94  0.127149553
 95  0.139262585
 96  0.16995861
 97  0.214579387
 98  0.24907603
 99  0.306301486
 100  0.333989602
 101  0.387446155
 102  0.407640386
 103  0.40363303
 104  0.353801294
 105  0.311553608
 106  0.311010153
 107  0.256578026
 108  0.241071662
 109  0.188743951
 110  0.16729279
 111  0.137789489
 112  0.0899712698
 113  0.116369959
 114  0.138975626
 115  0.124649753
 116  0.144628193
 117  0.273139307
 118  0.319833968
 119  0.308056043
 120  0.277754113
 121  0.260368548
 122  0.294282703
 123  0.337003699
 124  0.334910524
 125  0.321864712
 126  0.27931963
 127  0.265036014
 128  0.278234613
 129  0.233828181
 130  0.186685626
 131  0.167854746
 132  0.20372566
 133  0.204721738
 134  0.196084925
 135  0.159763923
 136  0.138431743
 137  0.125403616
 138  0.132115882
 139  0.138396551
 140  0.130811825
 141  0.152450926
 142  0.172133146
 143  0.16884724
 144  0.150343978
 145  0.129842497
 146  0.115769804
 147  0.116239504
 148  0.140587982
 149  0.145294835
 150  0.154100514
 151  0.143214399
 152  0.156234549
 153  0.218189247
 154  0.250754009
 155  0.294372514
 156  0.322193005
 157  0.305818501
 158  0.260147821
 159  0.183008645
 160  0.137742424
 161  0.131324155
 162  0.134344643
 163  0.133987619
 164  0.123264174
 165  0.117364602
 166  0.119888978
 167  0.13434211
 168  0.165173727
 169  0.20265616
 170  0.233258304
 171  0.275931362
 172  0.301146772
 173  0.320417151
 174  0.305815088
 175  0.285019038
 176  0.220991215
 177  0.206361877
 178  0.218119626
 179  0.180573177
 180  0.152306551
 181  0.164335989
 182  0.205085921
 183  0.263213157
 184  0.312911413
 185  0.369933995
 186  0.379143969
 187  0.414569602
 188  0.427544417
 189  0.428885262
 190  0.458867907
 191  0.517977567
 192  0.599579918
 193  0.699654466
 194  0.662163869
 195  0.555133044
 196  0.479620565
 197  0.444861555
 198  0.436601922
 199  0.403958588
 200  0.393403713
 201  0.369415546
 202  0.349765843
 203  0.343612416
 204  0.296827139
 205  0.266521628
 206  0.241062093
 207  0.216847359
