 1  0.0169679121
 2  0.0147770078
 3  0.0131719484
 4  0.0117772332
 5  0.0124691564
 6  0.0104738832
 7  0.0107890623
 8  0.0110117173
 9  0.0104925089
 10  0.0100464333
 11  0.00832723981
 12  0.00635964423
 13  0.0107434099
 14  0.0107078322
 15  0.0117884681
 16  0.011669704
 17  0.0123521598
 18  0.0122665549
 19  0.0132404283
 20  0.0128831895
 21  0.0135037054
 22  0.0145705527
 23  0.0163138363
 24  0.0172957801
 25  0.0191645119
 26  0.0192463526
 27  0.0228338612
 28  0.0231089293
 29  0.0202651721
 30  0.0194088471
 31  0.0173754516
 32  0.0171851796
 33  0.0150507047
 34  0.0158243202
 35  0.0132701957
 36  0.0149242445
 37  0.0138242155
 38  0.0157303377
 39  0.0158963436
 40  0.0137540047
 41  0.0151330619
 42  0.0156423321
 43  0.0122316784
 44  0.0147941744
 45  0.0148636648
 46  0.0131388357
 47  0.0154935585
 48  0.0180298319
 49  0.0128466647
 50  0.00807388466
 51  0.0102237738
 52  0.00756696164
 53  0.00722466747
 54  0.00897995828
 55  0.00868292438
 56  0.0095827365
 57  0.0104360611
 58  0.0114518388
 59  0.013963483
 60  0.0144294224
 61  0.018050779
 62  0.0153904272
 63  0.0170799686
 64  0.0164189999
 65  0.0162719311
 66  0.015615912
 67  0.012844063
 68  0.0105719637
 69  0.0137260191
 70  0.0125163808
 71  0.0142114294
 72  0.0141543762
 73  0.0133433873
 74  0.0133252707
 75  0.0136308107
 76  0.0135408541
 77  0.0124943419
 78  0.0110049099
 79  0.0100987414
 80  0.00810131126
 81  0.00745742747
 82  0.00638607553
 83  0.00658158676
 84  0.00537899703
 85  0.00502693827
 86  0.00418894347
 87  0.00612774602
 88  0.00456415202
 89  0.0063669427
 90  0.00441313574
 91  0.00525129389
 92  0.00398132141
 93  0.00509975319
 94  0.00465646753
 95  0.004511556
 96  0.00496018038
 97  0.00752743966
 98  0.00805101152
 99  0.0107958393
 100  0.0132930202
 101  0.0147720579
 102  0.0160755695
 103  0.0177950854
 104  0.0108892963
 105  0.0102193835
 106  0.00942842446
 107  0.00964172407
 108  0.00965649213
 109  0.00823907103
 110  0.0077580066
 111  0.00751185772
 112  0.00749526507
 113  0.0062416099
 114  0.00620418818
 115  0.00570203566
 116  0.0070228236
 117  0.0103247112
 118  0.010913574
 119  0.0105835684
 120  0.0102253675
 121  0.00975323838
 122  0.0114509352
 123  0.0133981378
 124  0.0132347387
 125  0.0120410967
 126  0.00950809386
 127  0.0096613276
 128  0.00980498061
 129  0.0100974153
 130  0.0081033911
 131  0.00614063409
 132  0.00853358777
 133  0.0107308007
 134  0.0108623583
 135  0.00933667024
 136  0.0101402276
 137  0.0103127426
 138  0.00944740098
 139  0.00981145519
 140  0.00978717697
 141  0.0102044974
 142  0.00729636383
 143  0.00812890836
 144  0.00755503064
 145  0.0061214774
 146  0.00436307079
 147  0.00338781909
 148  0.00371904596
 149  0.00434510116
 150  0.00487150045
 151  0.00442097931
 152  0.00659000565
 153  0.00763025113
 154  0.00809360777
 155  0.0100785043
 156  0.0100202432
 157  0.00961962437
 158  0.00735459749
 159  0.00534902323
 160  0.0043189242
 161  0.00521821941
 162  0.00559880433
 163  0.00634208445
 164  0.00638986187
 165  0.00725985634
 166  0.00701281966
 167  0.00773200342
 168  0.00857902104
 169  0.0100432652
 170  0.0115836639
 171  0.0129765022
 172  0.0149483439
 173  0.0172772293
 174  0.0164765262
 175  0.0171351747
 176  0.0154548853
 177  0.0152516724
 178  0.0159213769
 179  0.0130213144
 180  0.0122822281
 181  0.012701176
 182  0.0127657398
 183  0.0139885088
 184  0.0171470627
 185  0.0179083188
 186  0.0163048344
 187  0.017475701
 188  0.0173450925
 189  0.0214631639
 190  0.0218572402
 191  0.0246153579
 192  0.0315873447
 193  0.041260585
 194  0.0384532035
 195  0.028923869
 196  0.0223529916
 197  0.0191593638
 198  0.0188370284
 199  0.0181625374
 200  0.0185286158
 201  0.0189392705
 202  0.0188429266
 203  0.0200417714
 204  0.0159547786
 205  0.0158298095
 206  0.0138428369
 207  0.0134798802
