 1  0.329393069
 2  0.297331984
 3  0.263102828
 4  0.273961556
 5  0.227847705
 6  0.240170704
 7  0.212336497
 8  0.190940419
 9  0.153772992
 10  0.1431701
 11  0.131935033
 12  0.12558967
 13  0.115088845
 14  0.169956639
 15  0.184978689
 16  0.203482901
 17  0.224664268
 18  0.250626857
 19  0.263124126
 20  0.278230554
 21  0.28877582
 22  0.289141388
 23  0.325730769
 24  0.35748478
 25  0.332410314
 26  0.321033638
 27  0.333921656
 28  0.334450896
 29  0.296865066
 30  0.319435383
 31  0.325323081
 32  0.343135192
 33  0.317801767
 34  0.321601072
 35  0.308194157
 36  0.289554546
 37  0.283151888
 38  0.299997053
 39  0.299399268
 40  0.30696991
 41  0.310572399
 42  0.31760863
 43  0.274972592
 44  0.25876384
 45  0.252114582
 46  0.261410088
 47  0.386066884
 48  0.355244997
 49  0.246369792
 50  0.276172784
 51  0.209619461
 52  0.154625129
 53  0.198755379
 54  0.178291271
 55  0.176228648
 56  0.242102634
 57  0.201816958
 58  0.246585883
 59  0.27272165
 60  0.256591081
 61  0.274933513
 62  0.289161061
 63  0.293222119
 64  0.272114109
 65  0.279830376
 66  0.29604061
 67  0.244718412
 68  0.208650012
 69  0.189426686
 70  0.194710956
 71  0.218156126
 72  0.232495088
 73  0.226532077
 74  0.236865765
 75  0.26021096
 76  0.258284292
 77  0.226021683
 78  0.205661747
 79  0.180420135
 80  0.157869429
 81  0.137079565
 82  0.124475708
 83  0.13868148
 84  0.131036516
 85  0.120244235
 86  0.135446255
 87  0.146077683
 88  0.124877652
 89  0.122304503
 90  0.147762142
 91  0.102333187
 92  0.119544164
 93  0.123167095
 94  0.128013052
 95  0.133137247
 96  0.153048076
 97  0.174667318
 98  0.204432345
 99  0.242776593
 100  0.266167677
 101  0.304722198
 102  0.32920179
 103  0.323438547
 104  0.292126498
 105  0.258649928
 106  0.250010866
 107  0.203893348
 108  0.189129531
 109  0.163668333
 110  0.149641915
 111  0.127707266
 112  0.0872147613
 113  0.110590981
 114  0.123024574
 115  0.108080725
 116  0.133976439
 117  0.249971101
 118  0.27655337
 119  0.271895415
 120  0.245139304
 121  0.217196505
 122  0.248196296
 123  0.273112792
 124  0.265904457
 125  0.260499579
 126  0.222107818
 127  0.222260176
 128  0.242046442
 129  0.211655249
 130  0.167995127
 131  0.150641892
 132  0.172076343
 133  0.164225236
 134  0.161674027
 135  0.13556765
 136  0.134226267
 137  0.149529878
 138  0.154988243
 139  0.16129147
 140  0.159979171
 141  0.166363212
 142  0.176657589
 143  0.176445835
 144  0.164778263
 145  0.147710128
 146  0.14180639
 147  0.122303743
 148  0.121657838
 149  0.125906241
 150  0.136420176
 151  0.129362937
 152  0.152347886
 153  0.186084062
 154  0.203783658
 155  0.241960504
 156  0.251929039
 157  0.236849077
 158  0.210457841
 159  0.162257225
 160  0.127453625
 161  0.123114568
 162  0.125940002
 163  0.119443865
 164  0.123033527
 165  0.12502879
 166  0.135861796
 167  0.150280425
 168  0.171162308
 169  0.191702135
 170  0.199592353
 171  0.213673108
 172  0.230378718
 173  0.265124794
 174  0.271249356
 175  0.259888659
 176  0.202118308
 177  0.208972596
 178  0.239141389
 179  0.194610218
 180  0.171609923
 181  0.160090969
 182  0.188217804
 183  0.223096811
 184  0.260389953
 185  0.309765888
 186  0.319898663
 187  0.360034715
 188  0.370406819
 189  0.381298973
 190  0.404657385
 191  0.45595693
 192  0.51583965
 193  0.610411914
 194  0.629232914
 195  0.528840167
 196  0.428341966
 197  0.389310297
 198  0.390542845
 199  0.359780522
 200  0.350270924
 201  0.329915861
 202  0.302380167
 203  0.305349839
 204  0.265609836
 205  0.246941007
 206  0.232499864
 207  0.204045746
