  0.0138003269  0.0245268712
  0.0373437732  0.0277590332
  0.054039179  0.0402141034
  0.0644645488  0.0502555215
  0.0344011585  0.0287365194
  0.0515573479  0.058301908
  0.0358816819  0.0808629635
  0.0307818601  0.0726342023
  0.0675396013  0.0590350671
  0.0369805594  0.0354251176
  0.0230340817  0.028971194
  0.0488116589  0.0391074323
  0.0413486806  0.0301740583
  0.0110002294  0.0213900628
  0.015371929  0.0144412946
  0.0559461306  0.0454834817
  0.0785935282  0.0632585924
  0.0856368634  0.0669146808
  0.0763247594  0.0693713799
  0.0366353389  0.0360233153
  0.012264703  0.0374041786
  0.0445569529  0.0352152101
  0.043685107  0.0344938119
