  5156.9486
 -614.071508
  421.204781
  828.589821
  6182.12785
 -393.491827
  376.654777
  4616.24918
  667.101092
  108.459813
  4782.84017
  1895.77207
  587.079909
  989.415009
  472.351111
  3708.55771
 -531.096574
  217.661486
  5120.2899
 -3872.23631
 -2159.12139
  4354.40753
 -5186.88972
 -2968.78561
  240.077789
 -4774.59171
 -2478.56317
  150.422907
 -1959.13261
 -721.181086
 -1434.12548
  1329.26719
  663.614329
 -334.382707
  3762.80165
  1403.05188
 -180.990195
  3925.92032
  541.527115
 -907.797561
  3024.44822
  512.233473
  422.303213
 -1019.82767
  70.0283184
 -2608.75996
 -3137.12536
 -125.218863
 -1279.19279
 -6844.48068
  86.0971386
 -2274.29937
 -5532.77955
 -58.9786934
 -4687.78152
 -2678.80658
 -270.193364
 -2550.09088
 -105.937413
  111.185439
 -2528.84187
  2269.39234
  1022.98728
 -1045.82081
  2790.91765
  614.373848
 -1221.70883
  2583.5961
  476.344636
 -614.071508
  8406.68344
 -5721.42784
  2378.10593
  5935.76918
 -903.509273
  969.460958
 -2074.06752
  1121.74285
  1931.31049
 -2738.58988
 -401.856318
  2106.01172
 -4404.72191
 -1167.59146
  834.179006
 -633.281289
 -4826.37151
  1122.14904
 -1914.81978
 -7556.12504
 -148.714308
  3019.20218
 -2011.32371
  976.189354
 -1983.86588
  3081.91786
 -308.0248
  2210.23403
  4236.7584
  728.413631
 -427.451948
  3649.79585
 -501.162887
  1194.09165
  1155.82527
 -355.652956
  803.957746
  888.870795
 -8.49443353
  1227.29645
  267.833013
  53.0007723
  650.75651
 -1731.69168
 -849.898607
  2788.05758
  1623.91896
 -410.149034
 -930.465656
 -630.180707
 -1369.496
 -5811.87635
  626.536239
 -3056.71296
 -2828.77214
  4121.52686
 -1425.26674
 -3791.00477
  1162.69871
 -1528.07814
 -80.260537
  965.097085
 -517.320289
  323.996943
  805.460823
 -5.77824483
  1059.13195
  1242.09483
  421.204781
 -5721.42784
  6164.09946
 -1891.38031
 -5004.69525
  643.653542
 -822.533973
  138.558534
 -1358.31913
 -1065.1061
  287.671574
 -891.412036
 -1303.05619
  2264.10455
  82.7885463
 -1930.07503
  188.55762
  2984.29166
 -2633.11247
  2470.9072
  6530.33519
 -1878.37145
 -675.176892
  3027.72819
 -600.649122
  2877.64321
 -1064.33382
  86.0325579
 -1416.78585
 -3050.1649
 -88.0386685
 -535.738224
 -3268.06947
  621.055549
 -2050.15788
 -1597.13207
  199.764904
 -1015.03277
 -1131.14463
  605.213054
 -434.387948
 -350.583817
  393.998582
  616.237917
  2118.51166
  1136.98408
 -1422.83373
 -1082.26372
  779.371771
  1177.86482
  355.615503
  1436.25208
  4938.17456
 -580.705229
  2572.43756
  2915.1669
 -3050.37229
  1813.99538
  4196.85292
 -742.894278
  1941.53253
 -334.608327
 -664.188428
  489.276918
 -1198.20268
 -1146.25639
 -284.79645
 -2262.69243
 -1929.18353
  828.589821
  2378.10593
 -1891.38031
  2228.24524
  1311.4353
  96.8768964
  1576.43862
 -803.436568
  1173.65382
 -117.648511
  453.871674
  1201.93848
  13.1924174
 -539.740299
  223.207231
  333.499221
  126.014651
 -786.479548
  435.837693
 -734.853751
 -3211.26603
  983.404644
  268.507981
 -2563.06974
 -297.049291
 -927.860197
 -987.715978
  176.383689
  588.912619
  633.046235
 -150.245446
  508.046221
  1569.43275
 -212.749861
  740.005157
  1397.1832
  10.1824377
  331.006131
  894.885557
 -60.0670163
  212.911384
  440.674739
 -145.109466
  135.503787
 -842.946342
  118.795797
  1043.56208
  132.365867
 -75.6962554
  413.485644
 -1050.98972
 -895.48684
 -1399.01059
 -521.451436
 -968.094907
 -889.358919
  1100.7952
 -1184.57206
 -1705.15532
  448.244892
 -1169.6228
 -705.733167
  1013.1995
 -933.881311
 -713.677511
  719.458493
 -494.345815
 -92.5422338
  810.336243
  6182.12785
  5935.76918
 -5004.69525
  1311.4353
  17406.3549
 -1033.00176
 -300.027135
  7221.4748
  1408.17674
  2774.01831
  4952.51477
  1739.92762
  3722.67796
 -2774.29192
 -707.276113
  7968.88998
 -1668.05281
 -4845.13734
  10916.2665
 -8654.07707
 -9973.07792
  7236.03717
 -6038.08938
 -5227.73044
  2250.96277
 -10225.7105
  368.060983
 -129.248196
 -1250.88659
  3294.50863
 -1434.51215
  1638.37388
  4135.11645
 -984.856373
  7784.93317
  2452.6115
 -617.166506
  7515.10761
  1268.12246
 -1924.89195
  5897.39614
  1204.89881
  512.448705
 -1761.8201
 -1412.73907
 -5744.16184
 -3397.09406
  1486.4859
 -2881.78445
 -13356.2714
  100.675491
 -4968.78653
 -15357.3993
  880.724376
 -10875.1864
 -7565.33159
  3310.15651
 -5343.08127
 -3776.59505
  1117.03768
 -5436.26065
  4525.25347
  2081.22601
 -1253.55177
  6237.17235
  1510.79875
 -981.349337
  6711.26955
  1845.12998
 -393.491827
 -903.509273
  643.653542
  96.8768964
 -1033.00176
  1989.01803
  422.064492
 -174.3809
  543.682416
 -451.605097
  469.593112
  584.164017
 -427.498354
  647.088195
  118.492756
 -37.8363562
  369.046445
  190.297524
 -167.838231
  515.491809
 -169.567786
  445.336781
  63.439977
 -975.754235
 -122.15299
  512.509223
 -1327.51704
  425.268202
  132.045124
 -880.628614
  1.04780411
  460.481694
 -33.4815024
  206.617394
  39.5271531
  472.76674
  330.10397
 -334.0616
  525.751626
 -25.9317281
 -760.647213
  985.844447
 -410.277886
  54.5250503
  29.6141766
  1048.53501
  521.569843
 -582.957047
  278.648464
  1709.56498
 -1771.34915
 -453.71273
  1228.71286
 -1545.94943
  498.139592
  356.341877
 -451.684758
 -637.649841
 -302.99728
  157.520529
 -508.011906
 -1312.61447
  1172.59541
 -354.514754
 -1567.94178
  322.390929
  237.883098
 -690.783066
  3.09741804
  376.654777
  969.460958
 -822.533973
  1576.43862
 -300.027135
  422.064492
  1701.22156
 -88.2814331
  650.594675
 -301.056486
  1336.86106
  1321.66582
 -143.516876
  219.151507
  387.173482
  423.707423
  267.745866
 -50.240984
  573.013671
 -563.970273
 -2038.04417
  1100.65974
 -260.721257
 -2054.8435
 -329.808282
 -768.001272
 -1183.20796
  174.454613
  287.447748
  166.809186
 -226.207159
  648.115218
  946.073716
 -126.181087
  658.318234
  1101.95347
  136.484446
  277.545411
  448.394294
 -135.519744
 -74.7084501
  283.850399
 -233.642903
  12.6054942
 -425.912239
  49.2565126
  462.485327
 -49.6438202
 -151.461895
  362.127729
 -729.872367
 -698.126242
 -508.880599
 -454.486984
 -587.426201
 -419.087102
  415.869621
 -897.453438
 -919.721547
  218.024619
 -877.231483
 -619.318337
  656.056498
 -874.730838
 -733.003066
  367.88925
 -529.528725
 -246.144082
  422.366486
  4616.24918
 -2074.06752
  138.558534
 -803.436568
  7221.4748
 -174.3809
 -88.2814331
  16196.6396
  641.562312
  983.779237
  14985.4899
  5455.71459
  2523.2007
  3629.70807
  1388.2029
  11492.7592
 -596.894838
  477.853345
  15687.0857
 -10014.4985
 -4885.50436
  12233.3744
 -13064.8957
 -5751.7121
  2046.22292
 -12397.1125
 -4166.93062
  476.773968
 -4215.03913
 -742.298699
 -2957.9522
  4131.44654
  1155.73128
 -695.043863
  9574.06591
  2484.12451
  88.215615
  8816.28697
  309.230903
 -3263.92115
  4630.90787
  360.572559
 -407.962032
 -3514.10811
  345.206652
 -7058.54672
 -7912.73739
  50.5733512
 -4037.69009
 -16102.5897
  873.908611
 -5433.18285
 -13365.0362
  477.854828
 -11089.2552
 -6799.1509
 -581.87119
 -5662.95819
 -805.583746
 -224.266448
 -5772.07107
  5751.6306
  360.366993
 -1539.61279
  7823.80136
  697.711899
 -1337.74679
  8100.26271
  1309.79106
  667.101092
  1121.74285
 -1358.31913
  1173.65382
  1408.17674
  543.682416
  650.594675
  641.562312
  2528.09819
 -479.342348
  1507.20973
  1928.18433
 -293.774134
  511.286056
  566.485215
  1334.16435
  331.586006
 -302.720202
  1597.70922
 -853.238037
 -2824.84589
  2489.17516
 -971.788989
 -3474.27905
 -40.8126845
 -1206.74349
 -2644.33183
  819.993549
  98.655444
 -664.636313
 -306.2316
  1127.08854
  1397.01297
 -57.3840871
  1154.13505
  1808.83262
  72.6558
  517.95001
  1870.78624
 -361.612057
 -111.163356
  1015.36338
 -471.503502
 -235.78505
 -896.056759
  520.815783
  756.751795
 -453.4568
 -51.9267551
  470.61348
 -2508.71463
 -1454.4511
 -1599.38693
 -1824.30184
 -1238.03304
 -1237.41267
  575.888803
 -1912.60364
 -2109.30529
  415.539831
 -1830.21119
 -1043.72378
  1644.33542
 -821.424915
 -706.57865
  1331.38923
 -6.55239552
  428.36823
  1326.06381
  108.459813
  1931.31049
 -1065.1061
 -117.648511
  2774.01831
 -451.605097
 -301.056486
  983.779237
 -479.342348
  2955.49614
 -1407.96775
 -1981.94256
  2821.76762
 -2404.39912
 -1230.26404
  1037.54943
 -679.761894
 -2088.64958
  1340.55269
 -1216.87698
 -1915.89734
 -132.78327
  567.702634
  694.492027
  1188.2805
 -1331.98781
  2433.42862
 -43.7997848
  228.26932
  1926.58099
  405.968316
 -336.870198
  1147.34639
 -211.064435
  1609.55083
 -514.335392
 -337.016112
  2031.69646
 -533.05148
 -539.629847
  1803.4074
 -373.827124
  14.8799833
  189.884323
 -147.137642
 -1901.17647
 -90.3298874
  1062.22139
 -1051.14862
 -2361.38741
  1390.45696
 -837.026443
 -3276.88754
  1562.0974
 -2367.51836
 -1388.16032
  1677.15503
 -643.51018
 -673.964982
  479.587989
 -736.423959
  1101.89391
 -118.023813
 -80.7665685
  1262.3448
 -462.474217
 -572.385446
  684.736178
 -1011.71006
  4782.84017
 -2738.58988
  287.671574
  453.871674
  4952.51477
  469.593112
  1336.86106
  14985.4899
  1507.20973
 -1407.96775
  17096.9798
  7806.40475
  342.345301
  5598.86114
  2536.68493
  11017.8551
  98.6880501
  2002.57072
  15095.753
 -9495.7638
 -4823.65519
  13089.4989
 -13710.6511
 -7680.6025
  926.122858
 -11939.4416
 -6829.56414
  619.512998
 -4212.16681
 -2113.05399
 -3450.68159
  4863.08277
  917.076766
 -638.755758
  8902.35623
  3605.9833
  426.469017
  7506.99855
  1072.69932
 -2953.32872
  3252.43471
  832.959821
 -583.572325
 -3625.94022
  127.000104
 -5603.52783
 -7460.24175
 -756.613571
 -3363.40587
 -14050.6172
 -695.246788
 -5319.49486
 -11337.9964
 -1001.73769
 -9767.69321
 -6087.98006
 -1475.12779
 -5835.90072
 -1010.97054
 -408.882234
 -5864.71406
  4503.2704
  916.417404
 -2074.55142
  6403.44651
  1326.61887
 -1227.53604
  7506.23644
  2375.59348
  1895.77207
 -401.856318
 -891.412036
  1201.93848
  1739.92762
  584.164017
  1321.66582
  5455.71459
  1928.18433
 -1981.94256
  7806.40475
  8591.70746
 -888.90284
  2423.47458
  2324.61417
  4089.6093
  1007.72326
  708.302499
  5245.17125
 -3013.92022
 -6095.83774
  6596.21312
 -3427.66994
 -7282.08867
 -185.774548
 -4028.54081
 -5087.12539
  1213.73947
 -5.25455062
 -604.631834
 -710.763626
  2413.2685
  2313.73547
 -92.9080715
  1130.35048
  3749.25921
  234.539257
  1243.1039
  1527.91108
 -994.227062
 -307.222507
  1203.93092
 -779.64129
 -1317.05887
 -771.155732
 -567.885406
 -1477.44219
 -1168.49637
 -741.360353
 -2500.37471
 -2767.89945
 -2436.10883
 -2674.53594
 -2466.71868
 -2736.36019
 -1921.75505
 -949.061228
 -3036.41511
 -1549.16433
 -192.20641
 -2903.70021
 -559.34773
  1642.08837
 -2117.48606
 -283.737239
  1416.47618
 -1625.17262
  247.912719
  2286.25983
  587.079909
  2106.01172
 -1303.05619
  13.1924174
  3722.67796
 -427.498354
 -143.516876
  2523.2007
 -293.774134
  2821.76762
  342.345301
 -888.90284
  3459.67563
 -2952.41541
 -1838.95298
  2015.30245
 -950.43953
 -3200.75314
  2665.34512
 -2149.34655
 -3008.74272
  486.920186
 -70.9255191
  304.457917
  1577.72225
 -2447.52231
  2599.41694
 -119.89939
  93.5911668
  2149.38117
  140.301544
 -17.8592195
  1471.18704
 -256.550847
  2497.15561
 -78.0453191
 -283.855267
  2807.31555
 -406.543658
 -802.76585
  2187.15488
 -196.606145
 -40.3089395
 -75.3048905
 -225.706182
 -2368.30383
 -503.747087
  1121.57858
 -1343.05258
 -3500.96316
  1240.76535
 -1398.45635
 -4580.72025
  1491.44498
 -3357.98634
 -2101.16528
  1882.24764
 -1272.39536
 -1089.17247
  599.188009
 -1365.8622
  1334.52151
  174.464548
 -313.360158
  1622.68205
 -311.101394
 -700.993128
  1202.92521
 -854.449126
  989.415009
 -4404.72191
  2264.10455
 -539.740299
 -2774.29192
  647.088195
  219.151507
  3629.70807
  511.286056
 -2404.39912
  5598.86114
  2423.47458
 -2952.41541
  8999.14072
  4372.30933
  3782.21836
  1923.78936
  8043.88678
  5325.19401
 -2276.00477
  3155.5313
  7446.06873
 -8245.17749
 -3858.82474
 -1285.9579
 -3262.48925
 -7187.79409
  941.441092
 -2829.32621
 -4095.31565
 -1563.42406
  3189.53981
 -2367.48239
  34.9989799
  1539.01117
  728.564567
  242.840436
  1084.78664
  545.763227
 -1024.11425
 -549.34298
  23.231613
 -516.217872
 -1772.61894
  746.870561
 -1461.22023
 -4055.93008
 -1416.68528
 -1016.41227
 -4283.5341
 -343.273244
 -1244.12139
 -570.261324
 -1144.30282
 -1762.03877
 -489.949412
 -3186.97226
 -1342.28935
  1768.28753
 -1192.81907
 -1311.95967
  1889.92287
 -765.305154
 -459.740926
  2785.13121
  516.719331
 -97.2765987
  3105.46984
  1579.9446
  472.351111
 -1167.59146
  82.7885463
  223.207231
 -707.276113
  118.492756
  387.173482
  1388.2029
  566.485215
 -1230.26404
  2536.68493
  2324.61417
 -1838.95298
  4372.30933
  5042.37211
  2006.81795
  1697.26772
  5382.93285
  2550.12581
 -1155.58288
 -1555.6128
  5416.97037
 -3078.49492
 -5086.72378
 -1103.62532
 -1804.54731
 -4917.39862
  1236.84476
 -618.806323
 -1089.11628
 -286.548995
  1300.45791
  1040.61405
 -338.221379
  377.991448
  1271.1064
 -108.523314
  204.537322
  435.4368
 -532.602535
 -346.395109
  9.94775238
 -402.723011
 -732.86315
 -230.007125
 -577.631428
 -1341.3786
 -867.020159
 -492.771415
 -1531.71571
 -804.104141
 -817.303696
 -546.881902
 -976.452023
 -986.883321
 -433.202622
 -1325.4388
 -999.668197
  189.824917
 -635.020346
 -968.575209
  328.179061
 -127.028708
 -812.906784
  588.064302
  374.451882
 -796.289092
  481.216255
  964.680238
  3708.55771
  834.179006
 -1930.07503
  333.499221
  7968.88998
 -37.8363562
  423.707423
  11492.7592
  1334.16435
  1037.54943
  11017.8551
  4089.6093
  2015.30245
  3782.21836
  2006.81795
  13477.4049
  436.97846
 -1690.36579
  17739.9485
 -9332.22329
 -7212.19661
  13501.8518
 -11677.0149
 -6926.21658
  2435.87102
 -12174.3096
 -3936.10898
  687.40628
 -2158.38876
  508.332357
 -2627.89449
  5175.88331
  3050.27157
 -1330.39001
  10336.6324
  3037.66795
 -286.858045
  8682.63649
  982.396766
 -3467.79815
  4674.95561
  576.591844
 -941.747049
 -2855.36045
 -605.157958
 -6837.82248
 -5574.83392
  658.834453
 -4288.00886
 -14005.1
 -137.32985
 -6350.17817
 -14617.2896
  322.54764
 -11879.597
 -7585.29373
  1613.55
 -6726.76947
 -3141.18007
  585.690894
 -6859.55948
  4469.03464
  1269.87286
 -2330.09169
  6459.92822
  1070.33631
 -1434.3838
  7789.04353
  1368.60289
 -531.096574
 -633.281289
  188.55762
  126.014651
 -1668.05281
  369.046445
  267.745866
 -596.894838
  331.586006
 -679.761894
  98.6880501
  1007.72326
 -950.43953
  1923.78936
  1697.26772
  436.97846
  2873.04266
 -272.14914
  1621.21419
 -108.694451
 -2984.37116
  1133.3535
  717.82187
 -1904.35095
 -1004.94305
 -385.308556
 -238.471629
 -883.45009
  2427.32253
  1755.69582
  2.35410558
  1093.83868
  728.74161
 -429.081138
 -716.387724
  736.97388
 -17.3238869
 -1530.73267
  182.149906
 -16.4996326
 -1522.59862
  435.715736
 -531.793091
 -181.082605
 -83.4321731
  1071.49032
  545.171733
 -444.951605
  314.720892
  2321.46907
 -972.948104
  66.6228551
  2313.64351
 -939.532768
  1512.52899
  676.274043
 -476.602253
 -160.763861
 -588.222706
  63.9141325
 -76.4859025
 -2213.68432
  735.100347
 -916.026938
 -2831.91442
  148.457983
 -355.358242
 -2014.20651
 -64.120676
  217.661486
 -4826.37151
  2984.29166
 -786.479548
 -4845.13734
  190.297524
 -50.240984
  477.853345
 -302.720202
 -2088.64958
  2002.57072
  708.302499
 -3200.75314
  8043.88678
  5382.93285
 -1690.36579
 -272.14914
  14694.6827
 -3140.11205
  1059.78507
  8640.17848
  4348.99059
 -6064.58048
 -2647.23407
 -2054.87903
  1289.13574
 -8946.43384
  2895.21377
 -5401.6995
 -7029.48092
 -310.425173
  311.40642
 -3692.29702
  937.036736
 -2123.76135
 -819.550038
  209.508405
 -563.687049
 -53.091978
  39.5808112
 -826.02857
 -1000.39985
  221.025529
 -777.924832
  1016.10574
 -631.969376
 -3465.16363
 -1721.89016
 -122.416909
 -2440.67862
  867.916505
  913.845604
  2686.46558
 -442.451593
  767.133293
  1829.03876
 -4390.52192
  1221.34031
  4386.53
 -2131.23532
  1213.75743
  3168.2045
 -2655.33002
  1082.50735
  4108.44945
 -104.816084
  8.69024632
  2243.85566
  1452.74502
  5120.2899
  1122.14904
 -2633.11247
  435.837693
  10916.2665
 -167.838231
  573.013671
  15687.0857
  1597.70922
  1340.55269
  15095.753
  5245.17125
  2665.34512
  5325.19401
  2550.12581
  17739.9485
  1621.21419
 -3140.11205
  25087.7137
 -13798.6025
 -10863.9794
  17633.1737
 -15974.6232
 -8607.59735
  2876.97164
 -17126.3777
 -4147.65092
 -235.481388
 -2008.52457
  1889.8124
 -3835.54368
  7166.1264
  3841.86043
 -1952.79851
  14321.4064
  3938.06803
 -355.013468
  11652.2122
  1124.63758
 -4564.13075
  6357.55837
  729.096905
 -1097.83252
 -3940.24592
 -789.956469
 -9131.99344
 -7582.80996
  1008.66894
 -5632.63729
 -19055.6451
  8.76410797
 -8334.73082
 -19918.9428
  625.042604
 -15845.2672
 -10376.6323
  2337.79673
 -8850.18644
 -4409.01723
  872.019375
 -9042.71701
  5906.27464
  1715.72902
 -2947.07157
  8531.36671
  1316.2337
 -1647.44244
  10488.8142
  1549.51076
 -3872.23631
 -1914.81978
  2470.9072
 -734.853751
 -8654.07707
  515.491809
 -563.970273
 -10014.4985
 -853.238037
 -1216.87698
 -9495.7638
 -3013.92022
 -2149.34655
 -2276.00477
 -1155.58288
 -9332.22329
 -108.694451
  1059.78507
 -13798.6025
  10655.1436
  9182.18188
 -9783.17202
  9060.16361
  5306.75746
 -1686.17356
  11365.0503
  1111.6024
  682.426981
  1356.5754
 -2426.97871
  2369.10579
 -3925.14605
 -2505.77672
  1110.40295
 -9304.77329
 -2345.44407
  125.843681
 -7756.11394
 -566.078929
  2422.92957
 -4869.61717
 -318.267403
  46.1108212
  2191.76418
  826.209783
  5554.56525
  4279.88713
 -919.962985
  3117.63917
  12481.987
 -20.6101616
  4910.23607
  13955.7343
 -636.679547
  10266.4383
  7042.21542
 -2241.66025
  5232.27383
  3173.14613
 -714.460064
  5388.42369
 -4234.8862
 -1074.60058
  1287.65275
 -5988.93327
 -771.051865
  623.406387
 -7018.33878
 -908.623184
 -2159.12139
 -7556.12504
  6530.33519
 -3211.26603
 -9973.07792
 -169.567786
 -2038.04417
 -4885.50436
 -2824.84589
 -1915.89734
 -4823.65519
 -6095.83774
 -3008.74272
  3155.5313
 -1555.6128
 -7212.19661
 -2984.37116
  8640.17848
 -10863.9794
  9182.18188
  29421.8811
 -6755.33588
 -5625.26608
  12213.4665
 -1251.146
  9887.11776
 -5590.02518
  2361.06874
 -8462.76936
 -13062.7443
 -16.404418
 -4294.48663
 -10114.5776
  2337.15019
 -5733.42112
 -5909.46276
  346.203291
 -2619.71864
 -1796.79184
  1413.4839
 -1321.32183
 -2724.88548
  1327.38022
  412.271288
  3099.16835
 -129.613709
 -3759.99321
 -1030.39474
  847.231576
 -361.465777
  5421.40403
  4935.21736
  8515.13901
  2800.24581
  5307.39499
  5803.30062
 -5859.79736
  6303.14872
  9476.01673
 -3011.71799
  6139.4443
  5919.87046
 -6245.22364
  4994.64125
  7151.79474
 -1764.90734
  2249.38311
  2897.95251
 -370.28696
  4354.40753
 -148.714308
 -1878.37145
  983.404644
  7236.03717
  445.336781
  1100.65974
  12233.3744
  2489.17516
 -132.78327
  13089.4989
  6596.21312
  486.920186
  7446.06873
  5416.97037
  13501.8518
  1133.3535
  4348.99059
  17633.1737
 -9783.17202
 -6755.33588
  20955.2462
 -14742.4865
 -13558.1122
  828.683452
 -13334.9885
 -10343.6707
  2489.68867
 -2590.20667
 -993.421625
 -2636.6401
  6805.55379
  4214.09399
 -1390.01133
  10466.4173
  4697.06379
 -188.064508
  8687.07066
  2005.10002
 -3815.86011
  4073.5337
  1044.08748
 -1380.65974
 -3371.48026
 -968.620986
 -6606.14884
 -6227.63808
 -427.041258
 -4419.11722
 -14375.965
 -2061.26412
 -7406.79495
 -14660.8154
 -1531.71931
 -12638.2254
 -7841.39572
  348.405593
 -8107.76635
 -3295.98617
  143.138847
 -8157.46208
  4283.36956
  1792.35789
 -3437.41036
  6497.45687
  1927.65671
 -2017.09163
  8421.11398
  3048.96723
 -5186.88972
  3019.20218
 -675.176892
  268.507981
 -6038.08938
  63.439977
 -260.721257
 -13064.8957
 -971.788989
  567.702634
 -13710.6511
 -3427.66994
 -70.9255191
 -8245.17749
 -3078.49492
 -11677.0149
  717.82187
 -6064.58048
 -15974.6232
  9060.16361
 -5625.26608
 -14742.4865
  20964.1862
  5057.63807
 -655.963189
  11974.1209
  11329.6287
 -2084.97786
  8340.55751
  6999.17968
  4106.6625
 -4831.25784
  1580.48174
  282.24195
 -11218.8026
 -1799.01565
 -277.361114
 -10210.0768
 -1060.35295
  3213.90961
 -5742.72981
  348.537847
 -176.16813
  3671.77536
 -483.270984
  8012.74468
  9399.39456
  269.563028
  4290.5788
  19142.0085
 -1158.56935
  5668.59211
  15681.8113
 -608.274325
  12959.574
  7366.65834
  1367.3499
  5712.07558
 -613.41652
  940.078108
  5941.05625
 -9443.28961
  1190.82548
  179.466386
 -13018.1462
 -1194.98403
 -95.9811029
 -13201.1673
 -2999.27798
 -2968.78561
 -2011.32371
  3027.72819
 -2563.06974
 -5227.73044
 -975.754235
 -2054.8435
 -5751.7121
 -3474.27905
  694.492027
 -7680.6025
 -7282.08867
  304.457917
 -3858.82474
 -5086.72378
 -6926.21658
 -1904.35095
 -2647.23407
 -8607.59735
  5306.75746
  12213.4665
 -13558.1122
  5057.63807
  15185.7524
  996.037609
  8276.40937
  8067.579
 -1932.05309
 -1405.64544
 -2242.36642
  946.933423
 -4967.82459
 -6394.2113
  1205.50946
 -5302.15727
 -5830.16976
 -142.203992
 -3226.23181
 -2805.11473
  1735.607
 -801.683629
 -2265.33161
  1283.71042
  1507.01656
  1935.84376
  745.868915
  392.196285
  979.737189
  1261.65638
  3295.90498
  5554.62741
  5118.15713
  7046.4252
  4115.44158
  6003.85793
  4602.9719
 -1174.02127
  6327.00579
  5141.3624
 -972.965241
  6149.00031
  1838.00192
 -4092.84067
  4213.83825
  1548.07096
 -2542.70343
  1766.7495
 -1874.66793
 -3294.37184
  240.077789
  976.189354
 -600.649122
 -297.049291
  2250.96277
 -122.15299
 -329.808282
  2046.22292
 -40.8126845
  1188.2805
  926.122858
 -185.774548
  1577.72225
 -1285.9579
 -1103.62532
  2435.87102
 -1004.94305
 -2054.87903
  2876.97164
 -1686.17356
 -1251.146
  828.683452
 -655.963189
  996.037609
  3465.54509
 -1542.86678
  1367.98994
  1154.9066
 -920.84539
 -1014.71078
  42.1751256
  347.199359
  702.219299
 -66.9258552
  1848.59354
 -6.24547161
 -240.204327
  2305.37044
 -68.6853716
 -936.17487
  1444.8181
 -61.1971026
 -356.53682
 -251.047846
 -28.4718722
 -2124.19639
 -822.807494
  677.407459
 -1366.57264
 -2988.225
  810.956387
 -1470.441
 -3433.6219
  927.722313
 -2963.37851
 -1596.43019
  1039.10908
 -1350.81141
 -566.734904
  320.957841
 -1413.59348
  1324.11452
  37.2943478
 -336.213942
  1773.14046
 -78.3031207
 -558.326631
  1512.88288
 -263.040869
 -4774.59171
 -1983.86588
  2877.64321
 -927.860197
 -10225.7105
  512.509223
 -768.001272
 -12397.1125
 -1206.74349
 -1331.98781
 -11939.4416
 -4028.54081
 -2447.52231
 -3262.48925
 -1804.54731
 -12174.3096
 -385.308556
  1289.13574
 -17126.3777
  11365.0503
  9887.11776
 -13334.9885
  11974.1209
  8276.40937
 -1542.86678
  15083.5768
  2409.51759
  983.705674
  1485.05366
 -3255.89967
  3042.71135
 -5100.10401
 -3255.44468
  1474.86743
 -11555.1821
 -3140.17018
  155.617199
 -9423.20042
 -829.632177
  3066.69526
 -5758.57194
 -471.538713
  181.968305
  2830.92837
  999.973343
  6775.8742
  5446.79913
 -940.996464
  3867.30631
  15310.7952
  214.614451
  6168.8405
  16895.9416
 -505.813431
  12588.7415
  8604.71292
 -2453.3544
  6622.23188
  3874.39976
 -802.323511
  6798.44908
 -5044.15287
 -1405.76923
  1823.81389
 -7180.60642
 -1062.32644
  877.683294
 -8615.63262
 -1303.82018
 -2478.56317
  3081.91786
 -1064.33382
 -987.715978
  368.060983
 -1327.51704
 -1183.20796
 -4166.93062
 -2644.33183
  2433.42862
 -6829.56414
 -5087.12539
  2599.41694
 -7187.79409
 -4917.39862
 -3936.10898
 -238.471629
 -8946.43384
 -4147.65092
  1111.6024
 -5590.02518
 -10343.6707
  11329.6287
  8067.579
  1367.98994
  2409.51759
  15124.6201
 -4921.13682
  5526.8573
  8762.22022
  1478.7989
 -3233.62111
 -420.268402
 -371.952037
 -3024.88984
 -3320.26816
 -599.941178
 -2640.52748
 -2578.84629
  1241.90407
 -198.298435
 -1138.7221
  665.049766
  1702.77503
  130.426679
  1062.5622
  3401.13971
  2011.34435
  1026.26529
  4833.23355
  3418.79916
  3238.34388
  3229.45978
  3431.47626
  4218.98609
  1876.94038
  2739.48949
  3820.8896
 -269.310284
  841.830751
  3703.38853
 -2205.31294
 -918.844637
  1738.49888
 -3638.34866
 -2227.20963
  374.425086
 -5238.06409
 -4346.46111
  150.422907
 -308.0248
  86.0325579
  176.383689
 -129.248196
  425.268202
  174.454613
  476.773968
  819.993549
 -43.7997848
  619.512998
  1213.73947
 -119.89939
  941.441092
  1236.84476
  687.40628
 -883.45009
  2895.21377
 -235.481388
  682.426981
  2361.06874
  2489.68867
 -2084.97786
 -1932.05309
  1154.9066
  983.705674
 -4921.13682
  3916.08255
 -2873.55836
 -4080.8822
  624.081455
  636.949245
  1008.67967
  384.024097
  124.051014
  859.038434
  34.4150211
  954.918734
  796.080677
 -598.116333
  125.948167
  235.950114
 -535.23498
 -156.052511
 -100.291342
 -758.871096
 -572.115462
 -442.78864
 -738.989056
 -953.976917
 -760.479987
 -1241.74688
 -708.164855
 -737.200983
 -1547.07415
 -302.148674
 -577.474343
 -1294.59622
  252.649693
 -260.836918
 -1263.75068
  797.132166
  110.077538
 -713.138216
  1236.84981
  570.167042
 -701.167719
  1139.35818
  1194.9898
 -1959.13261
  2210.23403
 -1416.78585
  588.912619
 -1250.88659
  132.045124
  287.447748
 -4215.03913
  98.655444
  228.26932
 -4212.16681
 -5.25455062
  93.5911668
 -2829.32621
 -618.806323
 -2158.38876
  2427.32253
 -5401.6995
 -2008.52457
  1356.5754
 -8462.76936
 -2590.20667
  8340.55751
 -1405.64544
 -920.84539
  1485.05366
  5526.8573
 -2873.55836
  8486.64616
  7721.5382
  1587.49542
  39.8600667
  3037.09768
 -804.773385
 -3077.86531
  565.544621
 -276.340883
 -4074.93122
 -212.854536
  812.149331
 -2652.43488
  738.79739
 -636.084115
  1078.86858
 -758.877938
  3287.63244
  4322.95025
  235.628476
  1445.66279
  8096.0469
 -1552.58192
  1246.36368
  5181.60508
 -877.810634
  4530.30716
  1831.58972
  1535.46591
  924.798141
 -2445.533
  996.465066
  1062.25048
 -5823.66001
  1873.01727
 -1287.68563
 -7737.29878
 -244.925173
 -579.339928
 -6538.16792
 -1503.10126
 -721.181086
  4236.7584
 -3050.1649
  633.046235
  3294.50863
 -880.628614
  166.809186
 -742.298699
 -664.636313
  1926.58099
 -2113.05399
 -604.631834
  2149.38117
 -4095.31565
 -1089.11628
  508.332357
  1755.69582
 -7029.48092
  1889.8124
 -2426.97871
 -13062.7443
 -993.421625
  6999.17968
 -2242.36642
 -1014.71078
 -3255.89967
  8762.22022
 -4080.8822
  7721.5382
  12416.6946
  1255.35221
  516.938291
  4196.47831
 -1328.06076
  375.77738
  267.631083
 -555.574356
 -825.076232
 -1056.57314
  169.579131
  183.89072
  44.364364
 -114.084677
  664.074866
 -1137.57322
  484.09453
  2978.43682
  1352.54057
  213.306846
  2640.17723
  224.059662
  248.579989
 -1067.85726
  1044.62731
  662.991512
 -965.140282
  3314.29614
  92.8071959
 -3416.30063
  1287.46377
  69.9977533
 -3396.76316
  1354.50878
 -840.990981
 -4698.91939
 -847.378245
 -821.765037
 -4363.37236
 -2599.59061
 -1434.12548
  728.413631
 -88.0386685
 -150.245446
 -1434.51215
  1.04780411
 -226.207159
 -2957.9522
 -306.2316
  405.968316
 -3450.68159
 -710.763626
  140.301544
 -1563.42406
 -286.548995
 -2627.89449
  2.35410558
 -310.425173
 -3835.54368
  2369.10579
 -16.404418
 -2636.6401
  4106.6625
  946.933423
  42.1751256
  3042.71135
  1478.7989
  624.081455
  1587.49542
  1255.35221
  2160.69699
 -1465.48627
  40.8582533
  759.972874
 -3805.71373
 -952.382677
 -131.61375
 -1871.65072
 -285.551124
  476.197536
 -1086.62056
 -141.947001
 -229.708828
  916.658608
 -32.7777784
  1039.77546
  1817.89944
  118.424876
  435.607355
  3658.57872
  177.872658
  958.947874
  3167.39188
  206.121303
  2189.59999
  1670.9828
  192.171656
  1179.7149
  427.005145
 -14.9573168
  1217.23705
 -1257.98754
 -264.398428
  192.488929
 -1773.54324
 -409.320495
 -550.786467
 -2827.68731
 -597.833779
  1329.26719
 -427.451948
 -535.738224
  508.046221
  1638.37388
  460.481694
  648.115218
  4131.44654
  1127.08854
 -336.870198
  4863.08277
  2413.2685
 -17.8592195
  3189.53981
  1300.45791
  5175.88331
  1093.83868
  311.40642
  7166.1264
 -3925.14605
 -4294.48663
  6805.55379
 -4831.25784
 -4967.82459
  347.199359
 -5100.10401
 -3233.62111
  636.949245
  39.8600667
  516.938291
 -1465.48627
  4677.912
  2550.15585
 -1300.41483
  4960.46764
  2436.63223
  28.093307
  2313.4139
  831.483264
 -1367.4443
  546.708993
  783.676537
 -789.216522
 -1387.4819
 -363.927051
 -1512.02455
 -1799.33393
 -317.592682
 -1265.87643
 -3552.33776
 -1387.51936
 -2596.59884
 -3816.526
 -1128.2683
 -3423.18732
 -2511.46999
  62.7130258
 -3109.44287
 -1947.539
  333.431645
 -3080.16164
 -266.708216
  1468.94608
 -1921.52911
 -1.79412953
  824.657986
 -459.121958
  2112.50649
  807.639976
  663.614329
  3649.79585
 -3268.06947
  1569.43275
  4135.11645
 -33.4815024
  946.073716
  1155.73128
  1397.01297
  1147.34639
  917.076766
  2313.73547
  1471.18704
 -2367.48239
  1040.61405
  3050.27157
  728.74161
 -3692.29702
  3841.86043
 -2505.77672
 -10114.5776
  4214.09399
  1580.48174
 -6394.2113
  702.219299
 -3255.44468
 -420.268402
  1008.67967
  3037.09768
  4196.47831
  40.8582533
  2550.15585
  7224.0585
 -1884.11293
  3966.9842
  3345.01493
 -339.707227
  1172.70235
  877.300233
 -780.459365
  630.114382
  977.705076
 -752.07958
 -101.384818
 -1605.0461
 -173.755326
  1805.71435
  363.040936
 -555.913212
  321.868697
 -2297.11511
 -2217.2146
 -3619.32007
 -1160.96352
 -2368.55642
 -2468.83789
  2516.32261
 -2917.57858
 -4254.83469
  1195.50315
 -2871.44692
 -2652.4454
  2623.98007
 -2588.66159
 -3264.30629
  798.725782
 -1206.1517
 -1161.74824
  116.537956
 -334.382707
 -501.162887
  621.055549
 -212.749861
 -984.856373
  206.617394
 -126.181087
 -695.043863
 -57.3840871
 -211.064435
 -638.755758
 -92.9080715
 -256.550847
  34.9989799
 -338.221379
 -1330.39001
 -429.081138
  937.036736
 -1952.79851
  1110.40295
  2337.15019
 -1390.01133
  282.24195
  1205.50946
 -66.9258552
  1474.86743
 -371.952037
  384.024097
 -804.773385
 -1328.06076
  759.972874
 -1300.41483
 -1884.11293
  1670.61317
 -1918.90636
 -374.757634
  626.668555
  255.998939
  135.014911
  220.549728
 -273.665375
 -70.3783009
  44.9385755
  283.390502
  248.440503
  134.811524
  24.3188545
 -147.029982
  42.983794
  580.112338
  144.807556
  266.953778
  1095.58094
 -3.93350213
  453.23086
  733.853047
 -504.471497
  478.729853
  963.421474
 -279.843135
  499.340993
  508.927527
 -442.420459
  545.549325
  691.387354
 -63.9448374
 -247.312486
 -492.842319
  123.786315
  3762.80165
  1194.09165
 -2050.15788
  740.005157
  7784.93317
  39.5271531
  658.318234
  9574.06591
  1154.13505
  1609.55083
  8902.35623
  1130.35048
  2497.15561
  1539.01117
  377.991448
  10336.6324
 -716.387724
 -2123.76135
  14321.4064
 -9304.77329
 -5733.42112
  10466.4173
 -11218.8026
 -5302.15727
  1848.59354
 -11555.1821
 -3024.88984
  124.051014
 -3077.86531
  375.77738
 -3805.71373
  4960.46764
  3966.9842
 -1918.90636
  15586.1053
  3003.0541
  802.783624
  9157.08009
  986.803495
 -2832.78088
  4552.98073
  791.758789
 -469.703473
 -2597.12604
 -738.924928
 -5301.96743
 -4360.98753
  868.097745
 -3271.26708
 -11963.5803
 -718.670805
 -5640.38101
 -13707.1171
  35.5335945
 -10317.6562
 -7425.36506
  2407.3823
 -6335.99654
 -4363.2804
  1229.44106
 -6494.4182
  3118.37013
  2127.15177
 -1830.38192
  4773.25447
  976.925027
  1051.45707
  9147.75098
  221.069596
  1403.05188
  1155.82527
 -1597.13207
  1397.1832
  2452.6115
  472.76674
  1101.95347
  2484.12451
  1808.83262
 -514.335392
  3605.9833
  3749.25921
 -78.0453191
  728.564567
  1271.1064
  3037.66795
  736.97388
 -819.550038
  3938.06803
 -2345.44407
 -5909.46276
  4697.06379
 -1799.01565
 -5830.16976
 -6.24547161
 -3140.17018
 -3320.26816
  859.038434
  565.544621
  267.631083
 -952.382677
  2436.63223
  3345.01493
 -374.757634
  3003.0541
  4108.20823
  516.332631
  1792.30123
  1493.65498
 -626.450047
  316.968835
  1117.55228
 -482.017435
 -603.39226
 -1026.93209
 -92.9993706
  69.1967628
 -496.946523
 -395.526633
 -1110.71759
 -2637.26182
 -2144.50821
 -2958.99005
 -1954.48429
 -2385.96109
 -2009.3651
  561.228085
 -2804.88707
 -2536.3128
  470.042815
 -2711.89625
 -1290.95206
  2152.50266
 -2126.9175
 -1373.85483
  1302.25574
 -1253.42929
 -179.566209
  1472.15176
 -180.990195
 -355.652956
  199.764904
  10.1824377
 -617.166506
  330.10397
  136.484446
  88.215615
  72.6558
 -337.016112
  426.469017
  234.539257
 -283.855267
  242.840436
 -108.523314
 -286.858045
 -17.3238869
  209.508405
 -355.013468
  125.843681
  346.203291
 -188.064508
 -277.361114
 -142.203992
 -240.204327
  155.617199
 -599.941178
  34.4150211
 -276.340883
 -555.574356
 -131.61375
  28.093307
 -339.707227
  626.668555
  802.783624
  516.332631
  1146.11112
  17.0274916
  174.831212
  111.390696
 -1157.31424
  423.762138
 -271.566521
 -146.301986
  42.3320498
  431.798512
  131.701385
 -162.085026
  23.9749411
  929.097723
 -593.53679
 -252.757992
  831.364343
 -531.142232
  324.559937
  208.964094
 -211.700337
 -291.757571
 -230.859115
  11.7514829
 -261.07936
 -583.434039
  281.589809
 -214.047238
 -627.611778
  101.545912
  449.23869
  301.348587
  299.493589
  3925.92032
  803.957746
 -1015.03277
  331.006131
  7515.10761
 -334.0616
  277.545411
  8816.28697
  517.95001
  2031.69646
  7506.99855
  1243.1039
  2807.31555
  1084.78664
  204.537322
  8682.63649
 -1530.73267
 -563.687049
  11652.2122
 -7756.11394
 -2619.71864
  8687.07066
 -10210.0768
 -3226.23181
  2305.37044
 -9423.20042
 -2640.52748
  954.918734
 -4074.93122
 -825.076232
 -1871.65072
  2313.4139
  1172.70235
  255.998939
  9157.08009
  1792.30123
  17.0274916
  11085.0394
  462.658609
 -2719.29666
  7286.7239
 -462.731101
  411.534426
 -1705.64946
 -217.495178
 -6554.78439
 -5187.52496
  922.185631
 -3453.23423
 -14087.2897
  1294.75606
 -4680.94128
 -13937.1966
  1453.73705
 -10755.8839
 -6534.58463
  1616.03497
 -4838.07697
 -1385.19316
  503.395613
 -5017.43191
  5922.17168
  542.396163
 -709.685965
  7828.1512
  426.203674
 -1739.26719
  6512.77599
 -247.400716
  541.527115
  888.870795
 -1131.14463
  894.885557
  1268.12246
  525.751626
  448.394294
  309.230903
  1870.78624
 -533.05148
  1072.69932
  1527.91108
 -406.543658
  545.763227
  435.4368
  982.396766
  182.149906
 -53.091978
  1124.63758
 -566.078929
 -1796.79184
  2005.10002
 -1060.35295
 -2805.11473
 -68.6853716
 -829.632177
 -2578.84629
  796.080677
 -212.854536
 -1056.57314
 -285.551124
  831.483264
  877.300233
  135.014911
  986.803495
  1493.65498
  174.831212
  462.658609
  2048.68169
 -240.986427
 -176.403012
  942.290885
 -380.967359
 -180.895909
 -801.560946
  614.837847
  748.355157
 -445.437115
  33.8637497
  580.390347
 -2410.43424
 -1275.47214
 -1392.96907
 -1761.27601
 -1041.73706
 -1087.33005
  502.763755
 -1681.29725
 -1899.30667
  368.698978
 -1608.92264
 -828.639557
  1463.20894
 -497.515172
 -350.4093
  1391.7703
  269.159961
  708.344673
  1392.0154
 -907.797561
 -8.49443353
  605.213054
 -60.0670163
 -1924.89195
 -25.9317281
 -135.519744
 -3263.92115
 -361.612057
 -539.629847
 -2953.32872
 -994.227062
 -802.76585
 -1024.11425
 -532.602535
 -3467.79815
 -16.4996326
  39.5808112
 -4564.13075
  2422.92957
  1413.4839
 -3815.86011
  3213.90961
  1735.607
 -936.17487
  3066.69526
  1241.90407
 -598.116333
  812.149331
  169.579131
  476.197536
 -1367.4443
 -780.459365
  220.549728
 -2832.78088
 -626.450047
  111.390696
 -2719.29666
 -240.986427
  1888.3349
 -557.038208
 -223.966465
  1099.73701
  1423.02687
  30.8192475
  1981.9435
  1783.06754
 -164.398579
  1490.38217
  3266.1346
 -116.454375
  1770.94193
  3251.75146
 -162.589934
  2791.31814
  1994.41971
 -274.986074
  1873.03909
  1153.82531
 -164.388513
  1934.30939
 -1231.73444
 -22.7451964
  164.233665
 -2136.85841
 -265.600848
  25.4824783
 -2351.50621
 -278.788014
  3024.44822
  1227.29645
 -434.387948
  212.911384
  5897.39614
 -760.647213
 -74.7084501
  4630.90787
 -111.163356
  1803.4074
  3252.43471
 -307.222507
  2187.15488
 -549.34298
 -346.395109
  4674.95561
 -1522.59862
 -826.02857
  6357.55837
 -4869.61717
 -1321.32183
  4073.5337
 -5742.72981
 -801.683629
  1444.8181
 -5758.57194
 -198.298435
  125.948167
 -2652.43488
  183.89072
 -1086.62056
  546.708993
  630.114382
 -273.665375
  4552.98073
  316.968835
 -1157.31424
  7286.7239
 -176.403012
 -557.038208
  8313.72804
 -1329.75245
  2150.89669
  323.430821
 -201.930367
 -4697.65494
 -3144.11224
  917.735987
 -1648.32945
 -11227.2003
  2001.97803
 -2110.05151
 -10836.0712
  1983.51585
 -7662.40735
 -4220.41129
  1489.98727
 -2063.70258
  508.007959
  259.808801
 -2193.79556
  5033.53096
  146.428624
 -334.880927
  5737.23214
 -176.603295
 -2195.46337
  3212.71174
 -938.590783
  512.233473
  267.833013
 -350.583817
  440.674739
  1204.89881
  985.844447
  283.850399
  360.572559
  1015.36338
 -373.827124
  832.959821
  1203.93092
 -196.606145
  23.231613
  9.94775238
  576.591844
  435.715736
 -1000.39985
  729.096905
 -318.267403
 -2724.88548
  1044.08748
  348.537847
 -2265.33161
 -61.1971026
 -471.538713
 -1138.7221
  235.950114
  738.79739
  44.364364
 -141.947001
  783.676537
  977.705076
 -70.3783009
  791.758789
  1117.55228
  423.762138
 -462.731101
  942.290885
 -223.966465
 -1329.75245
  2217.08007
 -731.693386
 -358.213769
 -252.331943
  1309.43549
  761.759305
 -510.467779
  278.57606
  1765.09064
 -2673.97562
 -1136.89046
  483.35929
 -2161.54405
  10.3322674
 -341.495655
  46.3601884
 -1545.53908
 -1493.85198
  604.436475
 -1351.15967
 -1842.29517
  2339.28209
 -674.022762
 -2073.26853
  888.027424
  662.636593
 -106.776577
  686.056907
  422.303213
  53.0007723
  393.998582
 -145.109466
  512.448705
 -410.277886
 -233.642903
 -407.962032
 -471.503502
  14.8799833
 -583.572325
 -779.64129
 -40.3089395
 -516.217872
 -402.723011
 -941.747049
 -531.793091
  221.025529
 -1097.83252
  46.1108212
  1327.38022
 -1380.65974
 -176.16813
  1283.71042
 -356.53682
  181.968305
  665.049766
 -535.23498
 -636.084115
 -114.084677
 -229.708828
 -789.216522
 -752.07958
  44.9385755
 -469.703473
 -482.017435
 -271.566521
  411.534426
 -380.967359
  1099.73701
  2150.89669
 -731.693386
  1835.15782
  722.748057
  204.463102
 -158.097661
 -444.236313
  265.749978
  570.06425
 -1909.46818
  965.83811
  777.564986
 -1033.56772
  724.162427
 -394.99881
  173.66789
 -107.643618
  877.040354
  1449.74316
 -198.342326
  857.050415
  1258.67338
 -365.657967
  106.809592
  919.53539
 -329.326034
 -820.101961
 -382.337816
 -525.420069
 -1019.82767
  650.75651
  616.237917
  135.503787
 -1761.8201
  54.5250503
  12.6054942
 -3514.10811
 -235.78505
  189.884323
 -3625.94022
 -1317.05887
 -75.3048905
 -1772.61894
 -732.86315
 -2855.36045
 -181.082605
 -777.924832
 -3940.24592
  2191.76418
  412.271288
 -3371.48026
  3671.77536
  1507.01656
 -251.047846
  2830.92837
  1702.77503
 -156.052511
  1078.86858
  664.074866
  916.658608
 -1387.4819
 -101.384818
  283.390502
 -2597.12604
 -603.39226
 -146.301986
 -1705.64946
 -180.895909
  1423.02687
  323.430821
 -358.213769
  722.748057
  2703.73587
 -342.572216
  1135.80651
  2806.97749
 -239.969006
  1095.66576
  2757.32392
 -236.899663
  1269.06362
  1548.55915
  21.3390264
  1553.23727
  1405.11027
  657.221213
  1455.0277
  837.444702
  176.740715
  1510.9972
 -1435.99653
  256.445389
  132.637791
 -2306.63899
 -341.710555
 -20.6319547
 -2518.21233
 -599.976952
  70.0283184
 -1731.69168
  2118.51166
 -842.946342
 -1412.73907
  29.6141766
 -425.912239
  345.206652
 -896.056759
 -147.137642
  127.000104
 -771.155732
 -225.706182
  746.870561
 -230.007125
 -605.157958
 -83.4321731
  1016.10574
 -789.956469
  826.209783
  3099.16835
 -968.620986
 -483.270984
  1935.84376
 -28.4718722
  999.973343
  130.426679
 -100.291342
 -758.877938
 -1137.57322
 -32.7777784
 -363.927051
 -1605.0461
  248.440503
 -738.924928
 -1026.93209
  42.3320498
 -217.495178
 -801.560946
  30.8192475
 -201.930367
 -252.331943
  204.463102
 -342.572216
  1914.89631
  209.085829
 -1646.54787
  15.2758068
  150.130038
 -636.675483
  745.512421
  550.075098
  1901.44157
  124.357317
  734.907251
  1247.72991
 -1509.68423
  949.004886
  2582.69282
 -299.380137
  978.785087
  470.530733
 -707.39919
  333.73329
  149.733786
 -747.328015
 -334.825891
 -779.304327
 -1145.25673
 -2608.75996
 -849.898607
  1136.98408
  118.795797
 -5744.16184
  1048.53501
  49.2565126
 -7058.54672
  520.815783
 -1901.17647
 -5603.52783
 -567.885406
 -2368.30383
 -1461.22023
 -577.631428
 -6837.82248
  1071.49032
 -631.969376
 -9131.99344
  5554.56525
 -129.613709
 -6606.14884
  8012.74468
  745.868915
 -2124.19639
  6775.8742
  1062.5622
 -758.871096
  3287.63244
  484.09453
  1039.77546
 -1512.02455
 -173.755326
  134.811524
 -5301.96743
 -92.9993706
  431.798512
 -6554.78439
  614.837847
  1981.9435
 -4697.65494
  1309.43549
 -158.097661
  1135.80651
  209.085829
  8302.62692
  5834.98105
 -595.2731
  4321.7341
  13374.9655
 -4723.83191
  2505.30917
  9198.54915
 -3481.01006
  7654.49884
  3974.81935
  451.253774
  2159.07889
 -1284.54999
  977.916505
  2352.70875
 -5743.83811
  1631.21393
  4.17940995
 -7241.09102
  485.075675
  1438.85279
 -5168.16273
  296.290131
 -3137.12536
  2788.05758
 -1422.83373
  1043.56208
 -3397.09406
  521.569843
  462.485327
 -7912.73739
  756.751795
 -90.3298874
 -7460.24175
 -1477.44219
 -503.747087
 -4055.93008
 -1341.3786
 -5574.83392
  545.171733
 -3465.16363
 -7582.80996
  4279.88713
 -3759.99321
 -6227.63808
  9399.39456
  392.196285
 -822.807494
  5446.79913
  3401.13971
 -572.115462
  4322.95025
  2978.43682
  1817.89944
 -1799.33393
  1805.71435
  24.3188545
 -4360.98753
  69.1967628
  131.701385
 -5187.52496
  748.355157
  1783.06754
 -3144.11224
  761.759305
 -444.236313
  2806.97749
 -1646.54787
  5834.98105
  8599.31696
  420.206464
  3158.25754
  11770.1732
 -4114.61657
  1532.29106
  4490.88132
 -2190.00042
  4798.21625
  2067.16398
  3590.3406
  1401.02036
 -3463.04744
  1413.81542
  1478.72842
 -5231.10019
  1567.3401
  9.50269316
 -6311.07923
  478.023712
  1479.61157
 -4193.58453
  513.129872
 -125.218863
  1623.91896
 -1082.26372
  132.365867
  1486.4859
 -582.957047
 -49.6438202
  50.5733512
 -453.4568
  1062.22139
 -756.613571
 -1168.49637
  1121.57858
 -1416.68528
 -867.020159
  658.834453
 -444.951605
 -1721.89016
  1008.66894
 -919.962985
 -1030.39474
 -427.041258
  269.563028
  979.737189
  677.407459
 -940.996464
  2011.34435
 -442.78864
  235.628476
  1352.54057
  118.424876
 -317.592682
  363.040936
 -147.029982
  868.097745
 -496.946523
 -162.085026
  922.185631
 -445.437115
 -164.398579
  917.735987
 -510.467779
  265.749978
 -239.969006
  15.2758068
 -595.2731
  420.206464
  1722.35432
 -363.793366
 -1361.01864
  490.2431
 -515.457933
 -2522.51523
  790.292081
 -1628.37876
 -904.356808
  1816.52841
 -137.243708
 -683.50771
  284.580873
 -250.43328
  1246.68739
 -664.710505
  221.684329
  1559.47608
 -397.264393
 -258.149566
  907.610971
 -404.632331
 -1279.19279
 -410.149034
  779.371771
 -75.6962554
 -2881.78445
  278.648464
 -151.461895
 -4037.69009
 -51.9267551
 -1051.14862
 -3363.40587
 -741.360353
 -1343.05258
 -1016.41227
 -492.771415
 -4288.00886
  314.720892
 -122.416909
 -5632.63729
  3117.63917
  847.231576
 -4419.11722
  4290.5788
  1261.65638
 -1366.57264
  3867.30631
  1026.26529
 -738.989056
  1445.66279
  213.306846
  435.607355
 -1265.87643
 -555.913212
  42.983794
 -3271.26708
 -395.526633
  23.9749411
 -3453.23423
  33.8637497
  1490.38217
 -1648.32945
  278.57606
  570.06425
  1095.66576
  150.130038
  4321.7341
  3158.25754
 -363.793366
  3457.64791
  5129.7227
 -1470.30099
  1895.72627
  5118.97211
 -1247.17991
  4234.15484
  2586.43024
 -42.4606309
  1751.39627
  304.658086
  293.033352
  1841.56858
 -2467.83949
  518.232427
  8.83907709
 -3503.68762
 -4.01392894
  271.79764
 -3109.93836
 -192.651849
 -6844.48068
 -930.465656
  1177.86482
  413.485644
 -13356.2714
  1709.56498
  362.127729
 -16102.5897
  470.61348
 -2361.38741
 -14050.6172
 -2500.37471
 -3500.96316
 -4283.5341
 -1531.71571
 -14005.1
  2321.46907
 -2440.67862
 -19055.6451
  12481.987
 -361.465777
 -14375.965
  19142.0085
  3295.90498
 -2988.225
  15310.7952
  4833.23355
 -953.976917
  8096.0469
  2640.17723
  3658.57872
 -3552.33776
  321.868697
  580.112338
 -11963.5803
 -1110.71759
  929.097723
 -14087.2897
  580.390347
  3266.1346
 -11227.2003
  1765.09064
 -1909.46818
  2757.32392
 -636.675483
  13374.9655
  11770.1732
 -1361.01864
  5129.7227
  31745.3131
 -6828.11708
  6004.19858
  20004.0441
 -4356.54725
  16842.0857
  8324.96112
  906.593205
  5378.75158
 -3294.28232
  1340.89005
  5665.17755
 -12530.6265
  1861.04906
  699.528233
 -15421.3377
  188.523741
  3691.24485
 -11153.9896
  35.5460763
  86.0971386
 -630.180707
  355.615503
 -1050.98972
  100.675491
 -1771.34915
 -729.872367
  873.908611
 -2508.71463
  1390.45696
 -695.246788
 -2767.89945
  1240.76535
 -343.273244
 -804.104141
 -137.32985
 -972.948104
  867.916505
  8.76410797
 -20.6101616
  5421.40403
 -2061.26412
 -1158.56935
  5554.62741
  810.956387
  214.614451
  3418.79916
 -760.479987
 -1552.58192
  224.059662
  177.872658
 -1387.51936
 -2297.11511
  144.807556
 -718.670805
 -2637.26182
 -593.53679
  1294.75606
 -2410.43424
 -116.454375
  2001.97803
 -2673.97562
  965.83811
 -236.899663
  745.512421
 -4723.83191
 -4114.61657
  490.2431
 -1470.30099
 -6828.11708
  8047.84871
  2235.29175
  702.984398
  5559.28851
  68.5728778
  1259.77238
 -2438.42129
  2712.60647
  4474.3356
 -1967.20865
  2496.01333
  3879.00354
 -3828.19854
  914.709017
  3739.0226
 -2213.09463
 -1608.6916
  118.182583
 -2367.53772
 -2274.29937
 -1369.496
  1436.25208
 -895.48684
 -4968.78653
 -453.71273
 -698.126242
 -5433.18285
 -1454.4511
 -837.026443
 -5319.49486
 -2436.10883
 -1398.45635
 -1244.12139
 -817.303696
 -6350.17817
  66.6228551
  913.845604
 -8334.73082
  4910.23607
  4935.21736
 -7406.79495
  5668.59211
  5118.15713
 -1470.441
  6168.8405
  3238.34388
 -1241.74688
  1246.36368
  248.579989
  958.947874
 -2596.59884
 -2217.2146
  266.953778
 -5640.38101
 -2144.50821
 -252.757992
 -4680.94128
 -1275.47214
  1770.94193
 -2110.05151
 -1136.89046
  777.564986
  1269.06362
  550.075098
  2505.30917
  1532.29106
 -515.457933
  1895.72627
  6004.19858
  2235.29175
  5768.78552
  7147.9945
  1406.67152
  6968.68627
  4720.49285
 -2090.05348
  4793.35238
  3397.70886
 -1022.61453
  4757.55115
 -1380.32767
 -1896.80467
  895.31583
 -2902.21573
 -1204.85592
 -199.090114
 -4486.80704
 -1416.9861
 -5532.77955
 -5811.87635
  4938.17456
 -1399.01059
 -15357.3993
  1228.71286
 -508.880599
 -13365.0362
 -1599.38693
 -3276.88754
 -11337.9964
 -2674.53594
 -4580.72025
 -570.261324
 -546.881902
 -14617.2896
  2313.64351
  2686.46558
 -19918.9428
  13955.7343
  8515.13901
 -14660.8154
  15681.8113
  7046.4252
 -3433.6219
  16895.9416
  3229.45978
 -708.164855
  5181.60508
 -1067.85726
  3167.39188
 -3816.526
 -3619.32007
  1095.58094
 -13707.1171
 -2958.99005
  831.364343
 -13937.1966
 -1392.96907
  3251.75146
 -10836.0712
  483.35929
 -1033.56772
  1548.55915
  1901.44157
  9198.54915
  4490.88132
 -2522.51523
  5118.97211
  20004.0441
  702.984398
  7147.9945
  31925.9963
 -2364.82223
  21345.6503
  13140.914
 -6809.46653
  7430.07444
  3640.66134
 -1124.63727
  7894.97536
 -11529.8943
  6.04603486
  799.129504
 -15385.8747
 -1613.83047
  2389.24679
 -13124.5425
 -2442.99533
 -58.9786934
  626.536239
 -580.705229
 -521.451436
  880.724376
 -1545.94943
 -454.486984
  477.854828
 -1824.30184
  1562.0974
 -1001.73769
 -2466.71868
  1491.44498
 -1144.30282
 -976.452023
  322.54764
 -939.532768
 -442.451593
  625.042604
 -636.679547
  2800.24581
 -1531.71931
 -608.274325
  4115.44158
  927.722313
 -505.813431
  3431.47626
 -737.200983
 -877.810634
  1044.62731
  206.121303
 -1128.2683
 -1160.96352
 -3.93350213
  35.5335945
 -1954.48429
 -531.142232
  1453.73705
 -1761.27601
 -162.589934
  1983.51585
 -2161.54405
  724.162427
  21.3390264
  124.357317
 -3481.01006
 -2190.00042
  790.292081
 -1247.17991
 -4356.54725
  5559.28851
  1406.67152
 -2364.82223
  4871.27345
 -1422.59905
 -174.599079
 -367.048993
  1804.2644
  2475.4006
 -1211.47816
  1564.48373
  3517.46967
 -3050.6392
  765.097056
  3670.63912
 -1618.40999
 -1247.36328
  785.638153
 -1614.5793
 -4687.78152
 -3056.71296
  2572.43756
 -968.094907
 -10875.1864
  498.139592
 -587.426201
 -11089.2552
 -1238.03304
 -2367.51836
 -9767.69321
 -2736.36019
 -3357.98634
 -1762.03877
 -986.883321
 -11879.597
  1512.52899
  767.133293
 -15845.2672
  10266.4383
  5307.39499
 -12638.2254
  12959.574
  6003.85793
 -2963.37851
  12588.7415
  4218.98609
 -1547.07415
  4530.30716
  662.991512
  2189.59999
 -3423.18732
 -2368.55642
  453.23086
 -10317.6562
 -2385.96109
  324.559937
 -10755.8839
 -1041.73706
  2791.31814
 -7662.40735
  10.3322674
 -394.99881
  1553.23727
  734.907251
  7654.49884
  4798.21625
 -1628.37876
  4234.15484
  16842.0857
  68.5728778
  6968.68627
  21345.6503
 -1422.59905
  16905.7285
  8897.97629
 -3645.42439
  6445.57694
  1183.23317
 -197.164975
  6612.79679
 -7754.94236
 -539.94785
  966.688951
 -10537.78
 -1076.92585
  1690.50843
 -9475.24537
 -1576.78139
 -2678.80658
 -2828.77214
  2915.1669
 -889.358919
 -7565.33159
  356.341877
 -419.087102
 -6799.1509
 -1237.41267
 -1388.16032
 -6087.98006
 -1921.75505
 -2101.16528
 -489.949412
 -433.202622
 -7585.29373
  676.274043
  1829.03876
 -10376.6323
  7042.21542
  5803.30062
 -7841.39572
  7366.65834
  4602.9719
 -1596.43019
  8604.71292
  1876.94038
 -302.148674
  1831.58972
 -965.140282
  1670.9828
 -2511.46999
 -2468.83789
  733.853047
 -7425.36506
 -2009.3651
  208.964094
 -6534.58463
 -1087.33005
  1994.41971
 -4220.41129
 -341.495655
  173.66789
  1405.11027
  1247.72991
  3974.81935
  2067.16398
 -904.356808
  2586.43024
  8324.96112
  1259.77238
  4720.49285
  13140.914
 -174.599079
  8897.97629
  7438.18115
 -3388.33976
  4507.17785
  4470.14054
 -1372.57316
  4742.18047
 -4509.86348
 -707.403233
  488.008076
 -6666.4002
 -1227.70304
  479.506199
 -6728.6427
 -1651.74833
 -270.193364
  4121.52686
 -3050.37229
  1100.7952
  3310.15651
 -451.684758
  415.869621
 -581.87119
  575.888803
  1677.15503
 -1475.12779
 -949.061228
  1882.24764
 -3186.97226
 -1325.4388
  1613.55
 -476.602253
 -4390.52192
  2337.79673
 -2241.66025
 -5859.79736
  348.405593
  1367.3499
 -1174.02127
  1039.10908
 -2453.3544
  2739.48949
 -577.474343
  1535.46591
  3314.29614
  192.171656
  62.7130258
  2516.32261
 -504.471497
  2407.3823
  561.228085
 -211.700337
  1616.03497
  502.763755
 -274.986074
  1489.98727
  46.3601884
 -107.643618
  657.221213
 -1509.68423
  451.253774
  3590.3406
  1816.52841
 -42.4606309
  906.593205
 -2438.42129
 -2090.05348
 -6809.46653
 -367.048993
 -3645.42439
 -3388.33976
  5974.4284
 -1705.86775
 -4961.8648
  1811.48433
 -1908.8534
  778.811831
  536.908639
  4.61935231
  1633.29296
  473.768368
  276.155199
  2098.38267
  646.584912
 -2550.09088
 -1425.26674
  1813.99538
 -1184.57206
 -5343.08127
 -637.649841
 -897.453438
 -5662.95819
 -1912.60364
 -643.51018
 -5835.90072
 -3036.41511
 -1272.39536
 -1342.28935
 -999.668197
 -6726.76947
 -160.763861
  1221.34031
 -8850.18644
  5232.27383
  6303.14872
 -8107.76635
  5712.07558
  6327.00579
 -1350.81141
  6622.23188
  3820.8896
 -1294.59622
  924.798141
  92.8071959
  1179.7149
 -3109.44287
 -2917.57858
  478.729853
 -6335.99654
 -2804.88707
 -291.757571
 -4838.07697
 -1681.29725
  1873.03909
 -2063.70258
 -1545.53908
  877.040354
  1455.0277
  949.004886
  2159.07889
  1401.02036
 -137.243708
  1751.39627
  5378.75158
  2712.60647
  4793.35238
  7430.07444
  1804.2644
  6445.57694
  4507.17785
 -1705.86775
  6251.73548
  4544.39406
 -1448.1281
  6101.38046
 -401.711324
 -2879.60433
  1551.08415
 -2010.85227
 -1544.85589
 -292.219388
 -4677.78274
 -1793.72419
 -105.937413
 -3791.00477
  4196.85292
 -1705.15532
 -3776.59505
 -302.99728
 -919.721547
 -805.583746
 -2109.30529
 -673.964982
 -1010.97054
 -1549.16433
 -1089.17247
  1768.28753
  189.824917
 -3141.18007
 -588.222706
  4386.53
 -4409.01723
  3173.14613
  9476.01673
 -3295.98617
 -613.41652
  5141.3624
 -566.734904
  3874.39976
 -269.310284
  252.649693
 -2445.533
 -3416.30063
  427.005145
 -1947.539
 -4254.83469
  963.421474
 -4363.2804
 -2536.3128
 -230.859115
 -1385.19316
 -1899.30667
  1153.82531
  508.007959
 -1493.85198
  1449.74316
  837.444702
  2582.69282
 -1284.54999
 -3463.04744
 -683.50771
  304.658086
 -3294.28232
  4474.3356
  3397.70886
  3640.66134
  2475.4006
  1183.23317
  4470.14054
 -4961.8648
  4544.39406
  10557.4587
 -2598.69835
  4627.6998
  1725.05402
 -2609.52125
  709.339639
  164.44026
 -1884.68207
 -1591.39919
 -3234.37229
 -2353.35786
  111.185439
  1162.69871
 -742.894278
  448.244892
  1117.03768
  157.520529
  218.024619
 -224.266448
  415.539831
  479.587989
 -408.882234
 -192.20641
  599.188009
 -1192.81907
 -635.020346
  585.690894
  63.9141325
 -2131.23532
  872.019375
 -714.460064
 -3011.71799
  143.138847
  940.078108
 -972.965241
  320.957841
 -802.323511
  841.830751
 -260.836918
  996.465066
  1287.46377
 -14.9573168
  333.431645
  1195.50315
 -279.843135
  1229.44106
  470.042815
  11.7514829
  503.395613
  368.698978
 -164.388513
  259.808801
  604.436475
 -198.342326
  176.740715
 -299.380137
  977.916505
  1413.81542
  284.580873
  293.033352
  1340.89005
 -1967.20865
 -1022.61453
 -1124.63727
 -1211.47816
 -197.164975
 -1372.57316
  1811.48433
 -1448.1281
 -2598.69835
  2120.45759
 -1484.00381
 -854.023595
  1183.99568
 -326.716248
 -642.434735
  320.780245
  336.256623
  397.401439
  101.771517
 -2528.84187
 -1528.07814
  1941.53253
 -1169.6228
 -5436.26065
 -508.011906
 -877.231483
 -5772.07107
 -1830.21119
 -736.423959
 -5864.71406
 -2903.70021
 -1365.8622
 -1311.95967
 -968.575209
 -6859.55948
 -76.4859025
  1213.75743
 -9042.71701
  5388.42369
  6139.4443
 -8157.46208
  5941.05625
  6149.00031
 -1413.59348
  6798.44908
  3703.38853
 -1263.75068
  1062.25048
  69.9977533
  1217.23705
 -3080.16164
 -2871.44692
  499.340993
 -6494.4182
 -2711.89625
 -261.07936
 -5017.43191
 -1608.92264
  1934.30939
 -2193.79556
 -1351.15967
  857.050415
  1510.9972
  978.785087
  2352.70875
  1478.72842
 -250.43328
  1841.56858
  5665.17755
  2496.01333
  4757.55115
  7894.97536
  1564.48373
  6612.79679
  4742.18047
 -1908.8534
  6101.38046
  4627.6998
 -1484.00381
  6336.80337
 -756.804669
 -2592.97084
  1387.22207
 -2625.59064
 -1488.45619
 -221.82463
 -4952.16618
 -1777.7615
  2269.39234
 -80.260537
 -334.608327
 -705.733167
  4525.25347
 -1312.61447
 -619.318337
  5751.6306
 -1043.72378
  1101.89391
  4503.2704
 -559.34773
  1334.52151
  1889.92287
  328.179061
  4469.03464
 -2213.68432
  3168.2045
  5906.27464
 -4234.8862
  5919.87046
  4283.36956
 -9443.28961
  1838.00192
  1324.11452
 -5044.15287
 -2205.31294
  797.132166
 -5823.66001
 -3396.76316
 -1257.98754
 -266.708216
 -2652.4454
  508.927527
  3118.37013
 -1290.95206
 -583.434039
  5922.17168
 -828.639557
 -1231.73444
  5033.53096
 -1842.29517
  1258.67338
 -1435.99653
  470.530733
 -5743.83811
 -5231.10019
  1246.68739
 -2467.83949
 -12530.6265
  3879.00354
 -1380.32767
 -11529.8943
  3517.46967
 -7754.94236
 -4509.86348
  778.811831
 -401.711324
  1725.05402
 -854.023595
 -756.804669
  10895.7961
 -3958.70197
  2512.62951
  13438.7325
 -630.473826
 -2862.29254
  5540.39007
 -236.857124
  1022.98728
  965.097085
 -664.188428
  1013.1995
  2081.22601
  1172.59541
  656.056498
  360.366993
  1644.33542
 -118.023813
  916.417404
  1642.08837
  174.464548
 -765.305154
 -127.028708
  1269.87286
  735.100347
 -2655.33002
  1715.72902
 -1074.60058
 -6245.22364
  1792.35789
  1190.82548
 -4092.84067
  37.2943478
 -1405.76923
 -918.844637
  110.077538
  1873.01727
  1354.50878
 -264.398428
  1468.94608
  2623.98007
 -442.420459
  2127.15177
  2152.50266
  281.589809
  542.396163
  1463.20894
 -22.7451964
  146.428624
  2339.28209
 -365.657967
  256.445389
 -707.39919
  1631.21393
  1567.3401
 -664.710505
  518.232427
  1861.04906
 -3828.19854
 -1896.80467
  6.04603486
 -3050.6392
 -539.94785
 -707.403233
  536.908639
 -2879.60433
 -2609.52125
  1183.99568
 -2592.97084
 -3958.70197
  4946.69935
 -2055.5704
 -5035.92699
  1245.2891
  955.068314
 -540.625404
  649.009041
 -1045.82081
 -517.320289
  489.276918
 -933.881311
 -1253.55177
 -354.514754
 -874.730838
 -1539.61279
 -821.424915
 -80.7665685
 -2074.55142
 -2117.48606
 -313.360158
 -459.740926
 -812.906784
 -2330.09169
 -916.026938
  1082.50735
 -2947.07157
  1287.65275
  4994.64125
 -3437.41036
  179.466386
  4213.83825
 -336.213942
  1823.81389
  1738.49888
 -713.138216
 -1287.68563
 -840.990981
  192.488929
 -1921.52911
 -2588.66159
  545.549325
 -1830.38192
 -2126.9175
 -214.047238
 -709.685965
 -497.515172
  164.233665
 -334.880927
 -674.022762
  106.809592
  132.637791
  333.73329
  4.17940995
  9.50269316
  221.684329
  8.83907709
  699.528233
  914.709017
  895.31583
  799.129504
  765.097056
  966.688951
  488.008076
  4.61935231
  1551.08415
  709.339639
 -326.716248
  1387.22207
  2512.62951
 -2055.5704
  6417.83514
  5790.73048
  201.623803
  986.286562
 -1587.47127
 -1743.50234
  2790.91765
  323.996943
 -1198.20268
 -713.677511
  6237.17235
 -1567.94178
 -733.003066
  7823.80136
 -706.57865
  1262.3448
  6403.44651
 -283.737239
  1622.68205
  2785.13121
  588.064302
  6459.92822
 -2831.91442
  4108.44945
  8531.36671
 -5988.93327
  7151.79474
  6497.45687
 -13018.1462
  1548.07096
  1773.14046
 -7180.60642
 -3638.34866
  1236.84981
 -7737.29878
 -4698.91939
 -1773.54324
 -1.79412953
 -3264.30629
  691.387354
  4773.25447
 -1373.85483
 -627.611778
  7828.1512
 -350.4093
 -2136.85841
  5737.23214
 -2073.26853
  919.53539
 -2306.63899
  149.733786
 -7241.09102
 -6311.07923
  1559.47608
 -3503.68762
 -15421.3377
  3739.0226
 -2902.21573
 -15385.8747
  3670.63912
 -10537.78
 -6666.4002
  1633.29296
 -2010.85227
  164.44026
 -642.434735
 -2625.59064
  13438.7325
 -5035.92699
  5790.73048
  19795.7409
  734.707645
 -2770.4285
  7538.92411
 -49.3225577
  614.373848
  805.460823
 -1146.25639
  719.458493
  1510.79875
  322.390929
  367.88925
  697.711899
  1331.38923
 -462.474217
  1326.61887
  1416.47618
 -311.101394
  516.719331
  374.451882
  1070.33631
  148.457983
 -104.816084
  1316.2337
 -771.051865
 -1764.90734
  1927.65671
 -1194.98403
 -2542.70343
 -78.3031207
 -1062.32644
 -2227.20963
  570.167042
 -244.925173
 -847.378245
 -409.320495
  824.657986
  798.725782
 -63.9448374
  976.925027
  1302.25574
  101.545912
  426.203674
  1391.7703
 -265.600848
 -176.603295
  888.027424
 -329.326034
 -341.710555
 -747.328015
  485.075675
  478.023712
 -397.264393
 -4.01392894
  188.523741
 -2213.09463
 -1204.85592
 -1613.83047
 -1618.40999
 -1076.92585
 -1227.70304
  473.768368
 -1544.85589
 -1884.68207
  320.780245
 -1488.45619
 -630.473826
  1245.2891
  201.623803
  734.707645
  2748.12999
 -135.182024
  513.48131
  995.912984
 -1221.70883
 -5.77824483
 -284.79645
 -494.345815
 -981.349337
  237.883098
 -529.528725
 -1337.74679
 -6.55239552
 -572.385446
 -1227.53604
 -1625.17262
 -700.993128
 -97.2765987
 -796.289092
 -1434.3838
 -355.358242
  8.69024632
 -1647.44244
  623.406387
  2249.38311
 -2017.09163
 -95.9811029
  1766.7495
 -558.326631
  877.683294
  374.425086
 -701.167719
 -579.339928
 -821.765037
 -550.786467
 -459.121958
 -1206.1517
 -247.312486
  1051.45707
 -1253.42929
  449.23869
 -1739.26719
  269.159961
  25.4824783
 -2195.46337
  662.636593
 -820.101961
 -20.6319547
 -334.825891
  1438.85279
  1479.61157
 -258.149566
  271.79764
  3691.24485
 -1608.6916
 -199.090114
  2389.24679
 -1247.36328
  1690.50843
  479.506199
  276.155199
 -292.219388
 -1591.39919
  336.256623
 -221.82463
 -2862.29254
  955.068314
  986.286562
 -2770.4285
 -135.182024
  7346.54263
  5726.81482
  2441.96121
  2583.5961
  1059.13195
 -2262.69243
 -92.5422338
  6711.26955
 -690.783066
 -246.144082
  8100.26271
  428.36823
  684.736178
  7506.23644
  247.912719
  1202.92521
  3105.46984
  481.216255
  7789.04353
 -2014.20651
  2243.85566
  10488.8142
 -7018.33878
  2897.95251
  8421.11398
 -13201.1673
 -1874.66793
  1512.88288
 -8615.63262
 -5238.06409
  1139.35818
 -6538.16792
 -4363.37236
 -2827.68731
  2112.50649
 -1161.74824
 -492.842319
  9147.75098
 -179.566209
  301.348587
  6512.77599
  708.344673
 -2351.50621
  3212.71174
 -106.776577
 -382.337816
 -2518.21233
 -779.304327
 -5168.16273
 -4193.58453
  907.610971
 -3109.93836
 -11153.9896
  118.182583
 -4486.80704
 -13124.5425
  785.638153
 -9475.24537
 -6728.6427
  2098.38267
 -4677.78274
 -3234.37229
  397.401439
 -4952.16618
  5540.39007
 -540.625404
 -1587.47127
  7538.92411
  513.48131
  5726.81482
  17793.4271
  5369.25346
  476.344636
  1242.09483
 -1929.18353
  810.336243
  1845.12998
  3.09741804
  422.366486
  1309.79106
  1326.06381
 -1011.71006
  2375.59348
  2286.25983
 -854.449126
  1579.9446
  964.680238
  1368.60289
 -64.120676
  1452.74502
  1549.51076
 -908.623184
 -370.28696
  3048.96723
 -2999.27798
 -3294.37184
 -263.040869
 -1303.82018
 -4346.46111
  1194.9898
 -1503.10126
 -2599.59061
 -597.833779
  807.639976
  116.537956
  123.786315
  221.069596
  1472.15176
  299.493589
 -247.400716
  1392.0154
 -278.788014
 -938.590783
  686.056907
 -525.420069
 -599.976952
 -1145.25673
  296.290131
  513.129872
 -404.632331
 -192.651849
  35.5460763
 -2367.53772
 -1416.9861
 -2442.99533
 -1614.5793
 -1576.78139
 -1651.74833
  646.584912
 -1793.72419
 -2353.35786
  101.771517
 -1777.7615
 -236.857124
  649.009041
 -1743.50234
 -49.3225577
  995.912984
  2441.96121
  5369.25346
  5979.01333
