      1  -0.084747   0.006703  -0.009605   0.040222  -0.040080   0.203429  -0.031053   0.140233  -0.111794   0.216492  -0.040586   0.040999  -0.149423   0.131167  -0.200288   0.255617  -0.005824   0.423988  -0.119113   0.040997
      2  -0.012852  -0.065395  -0.021632  -0.062498  -0.093647   0.044284   0.048182   0.031866   0.021878   0.001922  -0.115625  -0.162827   0.139859  -0.076207   0.022518   0.218424  -0.188922   0.248689  -0.099848  -0.099457
      3  -0.010268  -0.037385  -0.042599  -0.011568  -0.050256   0.013930   0.000769  -0.001124   0.015250  -0.049480  -0.047459  -0.183419   0.143703  -0.062405   0.059578   0.189811  -0.209117   0.240913  -0.084362  -0.084546
      4  -0.022477  -0.029956   0.130604  -0.010377  -0.008768   0.053214   0.057390  -0.138899   0.086100   0.014457   0.201845   0.051221  -0.079250   0.058198   0.047717   0.002831  -0.110724  -0.102465  -0.152637   0.256830
      5  -0.040520  -0.044630   0.138794   0.002902   0.020420   0.095742  -0.007225  -0.063230   0.112436  -0.041508   0.207241  -0.002985  -0.089063   0.065338   0.103002   0.005062  -0.114272  -0.082237  -0.181055   0.198894
      6  -0.211608  -0.045061  -0.027449   0.086625   0.095190  -0.052384  -0.034659  -0.133001   0.134471  -0.124411  -0.113307   0.157289   0.024888   0.004128  -0.085331  -0.056841   0.078269   0.011724   0.059592  -0.068417
      7  -0.287231  -0.074790  -0.015327   0.159872   0.183401  -0.145940  -0.052342  -0.138319   0.088674  -0.115241  -0.252695   0.207368   0.094849  -0.029253  -0.164891  -0.026180   0.074279   0.025283   0.108599   0.110590
      8  -0.237388  -0.030929  -0.229621   0.056671  -0.119475  -0.114704   0.132106  -0.206956   0.088072  -0.018718   0.001054   0.138926  -0.164180   0.165232   0.201201  -0.028613   0.007493  -0.061836  -0.106801  -0.339272
      9  -0.036500  -0.007086   0.078244  -0.018764   0.045286   0.108703  -0.064529  -0.077062   0.200331  -0.161081   0.160704   0.109309   0.099124  -0.108796  -0.221133  -0.114384   0.076995  -0.000671  -0.106188  -0.230530
     10  -0.018045   0.046297  -0.090264  -0.113036  -0.126076   0.165841   0.017449  -0.126204   0.215405  -0.117771   0.184543   0.020065  -0.024279  -0.046405  -0.088516  -0.111899   0.088299   0.049458   0.031716   0.011385
     11   0.050481  -0.021289   0.027281  -0.002991  -0.103065   0.000460   0.027026  -0.029691   0.096775  -0.084412   0.134869   0.172091   0.011293   0.085119   0.104477   0.063541  -0.035211  -0.015899   0.091617   0.041892
     12   0.016499   0.042525   0.000221  -0.030847  -0.038833   0.038414  -0.067288   0.054974   0.020071  -0.043686   0.075330   0.106672   0.136041   0.024961   0.080754   0.237620  -0.172947  -0.157193   0.188832   0.150558
     13   0.003377  -0.000081  -0.032977  -0.019993   0.056182   0.017942  -0.028527   0.012915   0.011186   0.013515   0.029633  -0.066345  -0.001570  -0.085380   0.026353   0.092636  -0.218311  -0.071707   0.145726   0.206286
     14   0.055673   0.003766   0.014413  -0.013566  -0.049102   0.037950   0.007201   0.039870  -0.162672  -0.003592  -0.075108  -0.048626   0.055896   0.021405   0.014225  -0.073562   0.030124   0.025775  -0.093378   0.059710
     15   0.002254   0.034466   0.056748   0.013080  -0.069471   0.070026  -0.000666   0.021810  -0.200079   0.034369  -0.073602  -0.083825   0.089330   0.096298  -0.012054  -0.062194   0.070483  -0.031591  -0.017434  -0.072302
     16   0.129853  -0.085870  -0.110991  -0.115867   0.029312  -0.039810  -0.178354   0.046121  -0.203332   0.059142  -0.040649  -0.033957  -0.076720   0.089672  -0.102258  -0.203063  -0.172952  -0.059041   0.102893  -0.130339
     17   0.073336  -0.022009  -0.027477  -0.034684  -0.022535   0.028617  -0.060466   0.054371  -0.195233   0.068143  -0.092286  -0.076357   0.082605   0.119872  -0.023422  -0.311081  -0.099991  -0.035953   0.006350   0.005430
     18   0.110863   0.062434   0.048253   0.075004  -0.037582  -0.050452   0.070189   0.067676  -0.109147  -0.050304  -0.092920  -0.178528  -0.121942  -0.013349  -0.115171   0.068184   0.182465  -0.260400  -0.052354  -0.057165
     19   0.233607  -0.001270  -0.090552   0.099682   0.105734  -0.059008   0.062017   0.121923   0.140911   0.203492  -0.053968  -0.183564   0.051356   0.212243  -0.121163  -0.020866   0.130660  -0.206361   0.011403  -0.049370
     20   0.115900   0.092009   0.080942   0.079796  -0.056970  -0.082916   0.057945   0.060365  -0.118305  -0.094037  -0.067958  -0.105609  -0.133485  -0.060349  -0.052974  -0.047589   0.038064  -0.095736   0.070405   0.036985
     21   0.119250   0.087058   0.069597   0.086873  -0.054788  -0.058822   0.057782   0.062382  -0.129530  -0.092426  -0.069495  -0.084473  -0.132465  -0.075261  -0.042685  -0.046491   0.034915  -0.105192   0.070645   0.040266
     22   0.027040   0.091751   0.090481  -0.076345  -0.035896  -0.223446  -0.228742   0.087601   0.108379   0.319225   0.025330   0.097631   0.017781  -0.314246   0.298086  -0.031805   0.266709   0.125648   0.018025   0.011080
     23   0.023505  -0.001260  -0.037084  -0.190188   0.371021  -0.051068   0.215795   0.112379  -0.109849   0.065910   0.115109   0.108944   0.025652  -0.201983   0.271974   0.000839   0.249520   0.134806   0.107369  -0.039504
