      1   0.009439   0.040474   0.029146   0.052560   0.036450   0.048710   0.103746   0.043094   0.071654   0.050163   0.045566   0.023889   0.050752   0.083393   0.060521   0.071175   0.046174   0.237867   0.021918   0.034166
      2   0.029840   0.018846   0.037396   0.011973   0.021125   0.079870   0.042322   0.103504   0.000952   0.102778   0.022815   0.115382   0.118244   0.011967   0.046647   0.049297   0.045019   0.082830   0.014314   0.011659
      3   0.046062   0.006313   0.010321   0.043722   0.025917   0.005596   0.031842   0.053661   0.003672   0.017692   0.092365   0.037395   0.046986   0.018534   0.017780   0.064641   0.046014   0.111309   0.041234   0.041012
      4   0.046681   0.006917   0.081973   0.041331   0.029521   0.005655   0.068120   0.230587   0.016281   0.086004   0.048591   0.067574   0.008626   0.003705   0.029121   0.000089   0.037291   0.039820   0.089742   0.085023
      5   0.006490   0.017318   0.103194   0.012611   0.030025   0.095174   0.030983   0.011428   0.027509   0.007823   0.055102   0.027079   0.041228   0.014394   0.062596   0.007910   0.044065   0.015978   0.179934   0.053737
      6   0.044917   0.058510   0.065746   0.019658   0.069545   0.055253   0.061435   0.021822   0.043707   0.048703   0.231696   0.039347   0.011445   0.012126   0.025404   0.004644   0.009877   0.002568   0.026025   0.078626
      7   0.125510   0.247171   0.002313   0.065215   0.051967   0.036792   0.003517   0.055003   0.028982   0.018664   0.145027   0.045016   0.068174   0.048039   0.118224   0.001588   0.006559   0.000942   0.015857   0.021143
      8   0.128421   0.082025   0.144515   0.006618   0.092511   0.014820   0.032607   0.044489   0.013880   0.009599   0.055631   0.024850   0.047405   0.042714   0.085833   0.005091   0.003796   0.005492   0.013150   0.151045
      9   0.061026   0.021940   0.133036   0.039910   0.036323   0.046346   0.006660   0.016214   0.059515   0.034891   0.039971   0.018235   0.018874   0.016067   0.062734   0.016054   0.010450   0.001857   0.023438   0.114491
     10   0.005511   0.107894   0.036421   0.084309   0.016156   0.110297   0.014988   0.019606   0.062418   0.026253   0.070110   0.016646   0.030051   0.044218   0.130013   0.021356   0.012228   0.003471   0.003037   0.002210
     11   0.010535   0.042946   0.014010   0.004857   0.026298   0.010183   0.009749   0.050640   0.029200   0.007595   0.031101   0.091004   0.063763   0.014576   0.021381   0.072838   0.054727   0.022903   0.137915   0.006533
     12   0.039380   0.014939   0.012567   0.002485   0.085613   0.017600   0.007041   0.080277   0.003692   0.070824   0.016854   0.238233   0.038133   0.065462   0.012623   0.061556   0.035684   0.030466   0.054689   0.049845
     13   0.030846   0.002885   0.014290   0.011063   0.004487   0.026434   0.011439   0.033767   0.001327   0.009272   0.031243   0.012396   0.039118   0.022677   0.003120   0.115723   0.049455   0.081889   0.150983   0.043766
     14   0.014831   0.005613   0.027595   0.001955   0.021652   0.041915   0.006496   0.025191   0.090330   0.010473   0.006186   0.025010   0.072906   0.066476   0.001731   0.014166   0.137466   0.014880   0.011196   0.045827
     15   0.002524   0.005744   0.005202   0.008067   0.013247   0.011488   0.004426   0.011139   0.069977   0.010051   0.006993   0.017711   0.039602   0.009421   0.017792   0.011831   0.095041   0.019267   0.054658   0.078848
     16   0.028695   0.033054   0.021358   0.059006   0.003474   0.009727   0.035682   0.010791   0.057401   0.016730   0.001851   0.001483   0.021377   0.011076   0.018212   0.081741   0.079771   0.029814   0.035433   0.080332
     17   0.088758   0.058243   0.058600   0.091423   0.010653   0.059247   0.106219   0.008807   0.074263   0.023014   0.025883   0.024754   0.123302   0.017836   0.035788   0.310824   0.020060   0.008204   0.010571   0.015888
     18   0.103285   0.012056   0.078563   0.071619   0.033733   0.017158   0.047106   0.011871   0.141116   0.100858   0.009088   0.047601   0.065838   0.026364   0.019694   0.051733   0.045212   0.091753   0.013828   0.005137
     19   0.077271   0.020312   0.026086   0.069935   0.011558   0.031002   0.014537   0.024086   0.023418   0.047194   0.005028   0.036351   0.006277   0.073709   0.019055   0.018253   0.034740   0.077333   0.001187   0.009126
     20   0.015653   0.057577   0.007433   0.065038   0.017589   0.043147   0.014320   0.006774   0.073564   0.057819   0.007660   0.038584   0.055298   0.168833   0.016558   0.006777   0.024523   0.010517   0.008542   0.020704
     21   0.027765   0.064542   0.034896   0.012342   0.039882   0.080183   0.016232   0.010390   0.028266   0.024401   0.005421   0.024871   0.029462   0.030968   0.027308   0.007588   0.018859   0.029127   0.013292   0.011447
     22   0.027235   0.065253   0.040310   0.042455   0.049647   0.146966   0.122631   0.028346   0.056805   0.143350   0.013510   0.010173   0.001145   0.112878   0.089038   0.004841   0.078157   0.056627   0.056155   0.001555
     23   0.029325   0.009429   0.015028   0.181848   0.272627   0.006438   0.207904   0.098512   0.022068   0.075848   0.032307   0.016417   0.001993   0.084567   0.078830   0.000281   0.064831   0.025087   0.022904   0.037880
