      1  -0.024733  -0.157484   0.153912  -0.176323  -0.158363   0.011690   0.228086   0.071617   0.117862  -0.053049  -0.150317  -0.039200   0.145700  -0.211558   0.133271  -0.076319  -0.211387  -0.068911   0.074373  -0.157899
      2  -0.172128  -0.119697   0.178656  -0.088713  -0.106049   0.273874   0.171831   0.314949   0.017193   0.320474  -0.096292   0.289269  -0.311720   0.015870  -0.209175   0.010457   0.033975   0.007939   0.054918   0.040713
      3  -0.213029   0.035939  -0.040114   0.190744   0.144027   0.033958  -0.173168   0.229514   0.042529  -0.122796   0.281665  -0.061224  -0.145080   0.083891   0.118429  -0.144577   0.033491  -0.182389  -0.113318   0.183982
      4  -0.203493   0.032019  -0.166830   0.182553   0.116233   0.001447  -0.211497   0.326255  -0.012651  -0.164651   0.080243  -0.232834   0.033582  -0.015674   0.121361   0.004900  -0.042575   0.084943  -0.069660  -0.101065
      5  -0.060996   0.122889  -0.239226   0.097399  -0.004609  -0.245592   0.077254  -0.066928  -0.114582   0.060689  -0.081817   0.157358   0.179806  -0.087203  -0.195521   0.053043  -0.066086  -0.048326  -0.118139   0.009829
      6   0.010613  -0.056519  -0.081245   0.108942   0.012192  -0.142903   0.022669  -0.063386  -0.030704  -0.000203  -0.183720   0.118470   0.060597   0.002327  -0.082518   0.036652   0.001886   0.000827   0.110144   0.271433
      7   0.182067   0.066677  -0.043437  -0.069884  -0.056859   0.094382  -0.013490  -0.094566   0.118130  -0.071971  -0.103395   0.042481  -0.126950   0.126997   0.132742  -0.015186   0.028479  -0.012211   0.058058  -0.038910
      8   0.238159  -0.212329   0.123686   0.058351  -0.099905   0.039807  -0.000405   0.038523   0.069777  -0.067549   0.218779   0.060101   0.045117  -0.036033  -0.087444  -0.061549   0.043205  -0.021165  -0.015644  -0.177571
      9   0.226960   0.077646  -0.017992  -0.090265  -0.060450   0.126363  -0.033839  -0.056869   0.128266  -0.094515   0.000521   0.050745   0.016554  -0.018449  -0.095894  -0.053675   0.067118   0.023332   0.078474   0.053639
     10   0.071246  -0.209644   0.024457   0.154465  -0.006493  -0.150291   0.032644  -0.059306  -0.014433  -0.005856  -0.189241   0.127438  -0.080458   0.142580   0.167096   0.060611  -0.032671  -0.030865  -0.029781  -0.011549
     11  -0.078284  -0.054171  -0.112890   0.069446   0.061775  -0.047169   0.018133  -0.149444   0.029159   0.021383  -0.111733  -0.078366  -0.050138  -0.078007  -0.102301  -0.099389  -0.005306   0.008347  -0.345875  -0.058769
     12  -0.190911  -0.054811   0.010164  -0.039146   0.276866   0.070063   0.013868  -0.277662  -0.036755   0.261468   0.004776  -0.437988  -0.139961  -0.246212  -0.061409  -0.062368  -0.073815  -0.026409   0.106527   0.047783
     13  -0.174524   0.031361   0.086108  -0.000395  -0.001991   0.149956  -0.092520  -0.180128  -0.022186   0.089500   0.141857  -0.085396   0.185123   0.093128   0.048737   0.316247   0.014553  -0.217796   0.345794  -0.018710
     14  -0.108210   0.035999   0.148194   0.015478  -0.129727   0.181481  -0.033053  -0.143520  -0.252368   0.052653   0.014260  -0.054899   0.252867   0.231511   0.039051   0.092678   0.343617  -0.056533   0.025716  -0.205421
     15   0.048482  -0.018022   0.044501  -0.035226  -0.079106   0.068295  -0.003907  -0.098495  -0.167305  -0.090980   0.002830   0.025493   0.153640  -0.000933   0.128766  -0.018772   0.189984   0.129660  -0.180393   0.197363
     16   0.107947  -0.159264   0.012558  -0.210573  -0.051095  -0.075295  -0.061679  -0.084674  -0.125943  -0.111353  -0.000300  -0.018102   0.124232   0.033978   0.086399  -0.161546   0.030968   0.128665  -0.116137   0.244311
     17   0.288746  -0.190530  -0.157888  -0.207031   0.099991  -0.241621  -0.186884  -0.076273   0.021347  -0.130134   0.129278  -0.021125  -0.336260  -0.049903  -0.186291   0.444919   0.086275   0.024569   0.006810  -0.113445
     18   0.301443   0.036808  -0.208073   0.237118   0.177439   0.096817   0.117686   0.074313   0.346271   0.289943   0.021269   0.012373   0.221667   0.161804   0.050542  -0.106826  -0.099337   0.125995   0.038805   0.026895
     19   0.147308   0.058711  -0.053833   0.125845   0.003384   0.088167   0.063594  -0.007516  -0.007493  -0.019803  -0.016631   0.038583   0.019559  -0.089628   0.062464  -0.058722  -0.063695   0.062880  -0.017810   0.021447
     20   0.046604   0.209244   0.026876   0.231153  -0.109503   0.190445   0.060737  -0.028883  -0.243927  -0.203080  -0.041421   0.164965  -0.181833  -0.373235   0.108805  -0.036322  -0.137787   0.033864   0.054327  -0.072197
     21  -0.115642   0.193714   0.149291  -0.064960  -0.178076  -0.151494  -0.099805   0.067704   0.031519  -0.004452  -0.020370  -0.060414  -0.059258   0.145760  -0.140675  -0.052422  -0.121503  -0.038803   0.052705  -0.040648
     22  -0.161312   0.235391   0.168124  -0.168848  -0.215022  -0.310739  -0.250012   0.127075   0.206056   0.180999  -0.013864  -0.003510  -0.009206   0.011653   0.000916  -0.059210   0.003840   0.044130  -0.047816  -0.004544
     23  -0.166312   0.096074  -0.005000  -0.320131   0.365340  -0.061644   0.353759   0.137700  -0.099761  -0.136717   0.113622   0.005783   0.002422   0.157336  -0.037349  -0.012625  -0.023228   0.028257   0.047921  -0.096668
