 1  0.0537706984
 2  0.0525620511
 3  0.0496324378
 4  0.0508023913
 5  0.0493439285
 6  0.0480863577
 7  0.042778799
 8  0.0419783205
 9  0.0413088494
 10  0.0433432925
 11  0.0428824679
 12  0.0462660466
 13  0.0499689667
 14  0.0521131973
 15  0.0461654974
 16  0.0456683115
 17  0.0468925016
 18  0.0478233032
 19  0.0503521004
 20  0.0497929358
 21  0.0506562151
 22  0.0493492591
 23  0.0502429894
 24  0.0485131112
 25  0.0491469435
 26  0.0469479019
 27  0.0490637188
 28  0.0493241697
 29  0.0442371185
 30  0.0454131512
 31  0.0448943434
 32  0.0464795518
 33  0.0467906025
 34  0.0504213644
 35  0.0498646013
 36  0.053242483
 37  0.05232263
 38  0.0535048812
 39  0.0510251366
 40  0.0506893615
 41  0.0535146257
 42  0.0549829517
 43  0.0480653019
 44  0.0471496332
 45  0.0378763788
 46  0.0359675937
 47  0.0362015243
 48  0.0341619238
 49  0.0294626799
 50  0.028626752
 51  0.0318025817
 52  0.0290917942
 53  0.0290896272
 54  0.0342759561
 55  0.0265343692
 56  0.0346620045
 57  0.0338564255
 58  0.0384444895
 59  0.0380425227
 60  0.0367204205
 61  0.0409662864
 62  0.0391140502
 63  0.0438858455
 64  0.0500596735
 65  0.0473762809
 66  0.0413126739
 67  0.0422832971
 68  0.0408293687
 69  0.0421314057
 70  0.0410921782
 71  0.0471303296
 72  0.050731432
 73  0.0501075318
 74  0.0547824056
 75  0.0611809173
 76  0.0598715888
 77  0.049625085
 78  0.0410017723
 79  0.0355301486
 80  0.0289945107
 81  0.0260052359
 82  0.0253947867
 83  0.0250507391
 84  0.025300401
 85  0.025797988
 86  0.0247506306
 87  0.0248469489
 88  0.0277432594
 89  0.030494988
 90  0.0318899885
 91  0.0305758544
 92  0.0283369367
 93  0.0256761712
 94  0.0276661622
 95  0.0277961909
 96  0.0331622962
 97  0.0396979799
 98  0.0419809677
 99  0.0514710092
 100  0.0561746166
 101  0.0619925078
 102  0.06384111
 103  0.0595795409
 104  0.0532740172
 105  0.0487225487
 106  0.0484262504
 107  0.0424974545
 108  0.0443629114
 109  0.0397640481
 110  0.0366468391
 111  0.0357874953
 112  0.0363036204
 113  0.0365271645
 114  0.0382965244
 115  0.0378697608
 116  0.0398088683
 117  0.0384663312
 118  0.038037188
 119  0.0417640433
 120  0.0366571201
 121  0.0374842555
 122  0.0338666667
 123  0.0365530796
 124  0.0417367916
 125  0.0403352986
 126  0.0411298073
 127  0.0327890007
 128  0.0315289379
 129  0.0310951789
 130  0.0266615277
 131  0.030260053
 132  0.0342423561
 133  0.0293700874
 134  0.0282817932
 135  0.0257078661
 136  0.0244781893
 137  0.027904656
 138  0.0293604707
 139  0.0306086623
 140  0.0312403479
 141  0.0320134606
 142  0.0323138277
 143  0.0327043297
 144  0.0282490201
 145  0.0235894761
 146  0.0224486799
 147  0.0187441268
 148  0.0178270834
 149  0.0192777423
 150  0.0200064944
 151  0.0237292503
 152  0.0270708796
 153  0.0297247103
 154  0.034105334
 155  0.0389728025
 156  0.0421819245
 157  0.0347327386
 158  0.0327295679
 159  0.0300978495
 160  0.0298900299
 161  0.0234991445
 162  0.0225461303
 163  0.0230816973
 164  0.0242604243
 165  0.0248645396
 166  0.0249079701
 167  0.0253431786
 168  0.0276727007
 169  0.0341657651
 170  0.0437826503
 171  0.0533477475
 172  0.0586487716
 173  0.0572400488
 174  0.0526312219
 175  0.0521809818
 176  0.0434049302
 177  0.0399948592
 178  0.0358786408
 179  0.0312419529
 180  0.0315146134
 181  0.0303911663
 182  0.0299087883
 183  0.0325398226
 184  0.0314247024
 185  0.0360441155
 186  0.034900636
 187  0.0429243248
 188  0.046807044
 189  0.054050426
 190  0.0579540627
 191  0.0584229201
 192  0.0643597519
 193  0.0666774931
 194  0.0600536239
 195  0.054467272
 196  0.0557711381
 197  0.0560870549
 198  0.0518656652
 199  0.0507028464
 200  0.0451136371
 201  0.0438722431
 202  0.0398961346
 203  0.0434857758
 204  0.0389899343
 205  0.0400422153
 206  0.0366522049
 207  0.0388785785
 208  0.0639499052
 209  0.0575813111
 210  0.0496449648
 211  0.0490926997
 212  0.0454943843
 213  0.0416355468
 214  0.0364451596
 215  0.0357275515
 216  0.0326631433
 217  0.0314005541
 218  0.030884987
 219  0.0332179517
 220  0.0343845802
 221  0.0366249441
 222  0.0358248249
 223  0.0352405991
 224  0.0360685473
 225  0.0350225886
 226  0.0381827673
 227  0.0399998276
 228  0.0440700136
 229  0.045754122
 230  0.0514449762
 231  0.0537694758
 232  0.060784621
 233  0.0619048089
 234  0.0682100095
 235  0.0633390273
 236  0.0539122756
 237  0.0502122864
 238  0.045092819
 239  0.0405017391
 240  0.0385187514
 241  0.0367681557
 242  0.0343446242
 243  0.0349592229
 244  0.0355245414
 245  0.0389569724
 246  0.0397645138
 247  0.0395112786
 248  0.0401427019
 249  0.04196035
 250  0.0361918946
 251  0.0375463743
 252  0.0319514243
 253  0.0305699865
 254  0.0309193199
 255  0.0287462562
 256  0.0288827951
 257  0.0264706413
 258  0.025319062
 259  0.0271304084
 260  0.0355518804
 261  0.032144732
 262  0.0287244949
 263  0.0358660102
 264  0.0399425544
 265  0.0505485592
 266  0.046880238
 267  0.0512482278
 268  0.056950791
 269  0.0587628781
 270  0.0700110162
 271  0.0908316637
 272  0.0938549653
 273  0.0680011493
 274  0.0650456835
 275  0.0596588994
 276  0.059021336
 277  0.0549038587
 278  0.064984437
 279  0.0729059704
 280  0.0686431156
 281  0.0740666811
 282  0.0819647905
 283  0.0784474132
 284  0.0643009635
 285  0.0538301261
 286  0.0472671929
 287  0.0341136499
 288  0.0317791302
 289  0.0287235622
 290  0.0274574682
 291  0.0239231965
 292  0.026189661
 293  0.0264589322
 294  0.0303974662
 295  0.031805215
 296  0.0314354077
 297  0.0285106301
 298  0.0274683809
 299  0.0251410506
 300  0.0257627755
 301  0.0294524841
 302  0.0349673932
 303  0.0388214949
 304  0.0470468362
 305  0.0465605247
 306  0.0617972969
 307  0.0705581477
 308  0.0816201724
 309  0.0875499919
 310  0.0779402921
 311  0.0646453673
 312  0.0559501191
 313  0.0553602984
 314  0.0478209261
 315  0.0456871864
 316  0.0379620149
 317  0.0359483355
 318  0.0318290592
 319  0.0292495085
 320  0.0291354804
 321  0.0301530565
 322  0.0330960528
 323  0.0315139898
 324  0.0353571439
 325  0.0372372602
 326  0.0404680945
 327  0.0351011365
 328  0.0337197166
 329  0.0298869325
 330  0.0345684915
 331  0.039518423
 332  0.0355979284
 333  0.0366515256
 334  0.0301302673
 335  0.0302205371
 336  0.0295794227
 337  0.0267529948
 338  0.0320257015
 339  0.0358932511
 340  0.0336849879
 341  0.0347074137
 342  0.0325134675
 343  0.0315161536
 344  0.0329887428
 345  0.0363372606
 346  0.0409534353
 347  0.0398716276
 348  0.0422797086
 349  0.0451012536
 350  0.0451726542
 351  0.0400765917
 352  0.0333731076
 353  0.0251651471
 354  0.0234644434
 355  0.0262405717
 356  0.0258455839
 357  0.021661156
 358  0.0242825792
 359  0.0281046184
 360  0.0314082663
 361  0.0357248959
 362  0.0406474105
 363  0.0453758466
 364  0.0389950955
 365  0.0336013096
 366  0.0313630991
 367  0.0305655261
 368  0.0278260712
 369  0.0232865307
 370  0.0251513397
 371  0.0237640109
 372  0.0274315123
 373  0.0272422967
 374  0.0318639594
 375  0.0360401285
 376  0.0486655777
 377  0.0594230002
 378  0.0703415511
 379  0.0791132154
 380  0.0810325027
 381  0.0751370314
 382  0.0755694196
 383  0.0606345347
 384  0.0559041477
 385  0.0504234149
 386  0.0418956192
 387  0.0414362857
 388  0.0410159517
 389  0.0401887684
 390  0.0393849788
 391  0.0374294218
 392  0.0379734862
 393  0.0317431114
 394  0.0328445793
 395  0.0334081891
 396  0.039575856
 397  0.041736768
 398  0.0408512817
 399  0.0449337363
 400  0.0476479435
 401  0.0424301337
 402  0.0370960927
 403  0.0371986375
 404  0.0365559887
 405  0.0344470856
 406  0.035410907
 407  0.0328508527
 408  0.0360761432
 409  0.0382154274
 410  0.0473832537
 411  0.0478832732
 412  0.0509352884
 413  0.0532302013
 414  0.0623885518
 415  0.0595319041
 416  0.056654118
 417  0.0496626554
 418  0.0525368811
 419  0.0547071339
 420  0.0553556756
 421  0.0506398694
 422  0.0507819876
 423  0.0447922753
 424  0.0419985802
 425  0.0381088105
 426  0.0387160647
 427  0.0434773793
 428  0.0484815748
 429  0.0556509649
 430  0.0541205171
 431  0.056927616
 432  0.0538790324
 433  0.0565259003
 434  0.0535539232
 435  0.0565532431
 436  0.0554804892
 437  0.0570546963
 438  0.0559007004
 439  0.0604498995
 440  0.0599161133
 441  0.0688797846
 442  0.0676804992
 443  0.0605444596
 444  0.0570563989
 445  0.0536287703
 446  0.0542943888
 447  0.0525775574
 448  0.0591893699
 449  0.0561354867
 450  0.0623886652
 451  0.0625498873
 452  0.0680642455
 453  0.0693652677
 454  0.0667398322
 455  0.0712057361
 456  0.0734130301
 457  0.0571564783
 458  0.0512300766
 459  0.0403423409
 460  0.0408297983
 461  0.0466122995
 462  0.0388370504
 463  0.0361300786
 464  0.0400655337
 465  0.0352569066
 466  0.040134871
 467  0.0562204442
 468  0.0378964407
 469  0.0385094447
 470  0.0369203922
 471  0.0372108299
 472  0.0447382063
 473  0.048928576
 474  0.0562014939
 475  0.0654459305
 476  0.0647884984
 477  0.0809893651
 478  0.092326381
 479  0.0963019299
 480  0.0760869499
 481  0.0652642996
 482  0.0568569634
 483  0.0521767762
 484  0.0461399404
 485  0.0545971047
 486  0.0611930647
 487  0.0561042855
 488  0.0590390612
 489  0.0644544605
 490  0.0608894885
 491  0.0515450269
 492  0.0455395904
 493  0.0418722259
 494  0.0400939933
 495  0.03913491
 496  0.0346353569
 497  0.0299924946
 498  0.0308857588
 499  0.0290200585
 500  0.029658729
 501  0.0293669845
 502  0.0272254346
 503  0.0263379952
 504  0.0259076479
 505  0.0266010947
 506  0.0285768875
 507  0.0269086926
 508  0.0310204121
 509  0.0374885252
 510  0.0436706054
 511  0.0394231118
 512  0.0434074821
 513  0.0486941271
 514  0.0567547099
 515  0.0641462531
 516  0.0738473861
 517  0.0671854421
 518  0.0559826024
 519  0.0482243016
 520  0.0480238111
 521  0.0511523646
 522  0.0530248556
 523  0.0491104128
 524  0.0438228249
 525  0.0391571403
 526  0.0338381167
 527  0.0315735087
 528  0.029745639
 529  0.0299977083
 530  0.0312228844
 531  0.0352150426
 532  0.0400135912
 533  0.0444020262
 534  0.0392450532
 535  0.0403064082
 536  0.0359311387
 537  0.0403398616
 538  0.0464319085
 539  0.0447788261
 540  0.0470396988
 541  0.0428085732
 542  0.0426828987
 543  0.0400190152
 544  0.036535107
 545  0.0387020287
 546  0.0426153607
 547  0.0426420063
 548  0.0421964052
 549  0.0370937198
 550  0.0389624355
 551  0.0371758538
 552  0.0432495788
 553  0.0447936426
 554  0.0392303285
 555  0.0331060406
 556  0.041769511
 557  0.0430848745
 558  0.0389549401
 559  0.0361054909
 560  0.02915634
 561  0.030218691
 562  0.039571692
 563  0.0335751274
 564  0.0338105884
 565  0.0330687235
 566  0.0376728102
 567  0.0400416349
 568  0.0475602312
 569  0.054329527
 570  0.0635262537
 571  0.0568010624
 572  0.0567376712
 573  0.0436023409
 574  0.0415839867
 575  0.03443011
 576  0.031478409
 577  0.0310465017
 578  0.0334314553
 579  0.0316988589
 580  0.0356532754
 581  0.0384287189
 582  0.0375811647
 583  0.0427364777
 584  0.0503052049
 585  0.0564804871
 586  0.0649556235
 587  0.0688754167
 588  0.0649641589
 589  0.0697305781
 590  0.0601759578
 591  0.0581840862
 592  0.0587278854
 593  0.0528472079
 594  0.0483561115
 595  0.0479672872
 596  0.0454708007
 597  0.0457542006
 598  0.0477157825
 599  0.0547779091
 600  0.0528789646
 601  0.0504157087
 602  0.053928276
 603  0.0650209974
 604  0.0745315903
 605  0.0747438241
 606  0.0822286225
 607  0.0837585633
 608  0.0759000854
 609  0.0682265736
 610  0.069884329
 611  0.0695079589
 612  0.0631949109
 613  0.0617816673
 614  0.0521423435
 615  0.0524779431
 616  0.0533244968
 617  0.0553573742
 618  0.0516995209
 619  0.0573481817
 620  0.0596368284
 621  0.0710824208
 622  0.0686237343
 623  0.0708178398
 624  0.0629801679
 625  0.0711667018
 626  0.0694937926
 627  0.0647422963
 628  0.0560023568
 629  0.0546103859
 630  0.0431551186
 631  0.0359087478
 632  0.0275700412
 633  0.0273085149
 634  0.0334993798
 635  0.0357438556
 636  0.0498102775
 637  0.0519773483
 638  0.0630144127
 639  0.061904025
 640  0.0705726519
 641  0.071139507
 642  0.0785636731
 643  0.0747869972
 644  0.0737994581
 645  0.0716277854
 646  0.0766849409
 647  0.0653521631
 648  0.0746647835
 649  0.0842137671
 650  0.0742865666
 651  0.0773977445
 652  0.0677157836
 653  0.071047864
 654  0.0711274347
 655  0.0767839603
 656  0.0699943599
 657  0.0736128763
 658  0.0692668686
 659  0.074648696
 660  0.0700120132
 661  0.0616036985
 662  0.0662020934
 663  0.0661733605
 664  0.0498380499
 665  0.0380727003
 666  0.0276853718
 667  0.02667207
 668  0.0358465654
 669  0.0314896641
 670  0.0265243351
 671  0.035381096
 672  0.0407853409
 673  0.0416073827
 674  0.0671191063
 675  0.068723443
 676  0.0546239296
 677  0.0395737563
 678  0.0404142305
 679  0.0435770657
 680  0.0530919922
 681  0.0605618264
 682  0.0711149001
 683  0.0658397854
 684  0.0877520883
 685  0.103636494
 686  0.11541392
 687  0.0865024806
 688  0.0699649589
 689  0.055083825
 690  0.0558814792
 691  0.044389896
 692  0.0465849704
 693  0.0529579492
 694  0.0511055489
 695  0.0472656472
 696  0.0511994227
 697  0.0581106129
 698  0.0501363692
 699  0.0500425957
 700  0.0544986157
 701  0.0477160272
 702  0.04812411
 703  0.0380527998
 704  0.0351048339
 705  0.0304795773
 706  0.0330941253
 707  0.0286757401
 708  0.0309878891
 709  0.0271804103
 710  0.0291648278
 711  0.024772918
 712  0.0277764726
 713  0.0263201758
 714  0.032139838
 715  0.0419379621
 716  0.0658194166
 717  0.0737777287
 718  0.0574909333
 719  0.0508431638
 720  0.05357573
 721  0.0565834396
 722  0.06525942
 723  0.0694470843
 724  0.069399136
 725  0.0635016868
 726  0.0544675219
 727  0.0608228206
 728  0.0630020121
 729  0.0612997355
 730  0.0545509773
 731  0.0493503533
 732  0.0391432275
 733  0.0330496528
 734  0.0261026986
 735  0.0259975475
 736  0.0259040019
 737  0.0242949814
 738  0.0266828981
 739  0.0266157448
 740  0.0299764012
 741  0.0270780021
 742  0.0254852721
 743  0.0232026125
 744  0.0258203338
 745  0.0299478518
 746  0.0291360823
 747  0.0293739616
 748  0.026279326
 749  0.0315572443
 750  0.0358089483
 751  0.0332315795
 752  0.0420766773
 753  0.0628122043
 754  0.0632135393
 755  0.0687640155
 756  0.0661298035
 757  0.0665569798
 758  0.0659950587
 759  0.0734682767
 760  0.0731651648
 761  0.0790388688
 762  0.0674467279
 763  0.0657763119
 764  0.0645554331
 765  0.0620961683
 766  0.079228497
 767  0.0605676946
 768  0.0575842429
 769  0.0648416471
 770  0.0400707054
 771  0.0335257019
 772  0.0292289072
 773  0.0296884522
 774  0.0311614592
 775  0.0288500666
 776  0.0325163157
 777  0.0348130005
 778  0.0329566572
 779  0.0319601661
 780  0.0299307304
 781  0.0300630066
 782  0.0297227543
 783  0.0321568012
 784  0.0389139815
 785  0.0404471495
 786  0.0474173128
 787  0.0439143579
 788  0.0504004083
 789  0.0446254783
 790  0.0542669803
 791  0.0587796075
 792  0.0680735115
 793  0.0736061906
 794  0.0804061195
 795  0.0711731488
 796  0.0798973135
 797  0.0788114856
 798  0.0813072006
 799  0.0827262393
 800  0.0797564248
 801  0.0783805187
 802  0.0761700238
 803  0.0665509738
 804  0.0671290462
 805  0.0661323499
 806  0.0692951987
 807  0.0516134787
 808  0.058465918
 809  0.062384963
 810  0.0783430031
 811  0.0847185586
 812  0.0799905472
 813  0.088728071
 814  0.0822736118
 815  0.0712049769
 816  0.065991579
 817  0.0738524246
 818  0.0784776273
 819  0.0705433049
 820  0.0744096202
 821  0.067036706
 822  0.0665722361
 823  0.0605568585
 824  0.0714149725
 825  0.0645700105
 826  0.0701700781
 827  0.0736485655
 828  0.0981113217
