 1  1.2304217
 2  1.18139646
 3  1.05545237
 4  1.02526262
 5  0.90803777
 6  0.841516409
 7  0.712343628
 8  0.686953015
 9  0.629324592
 10  0.631850899
 11  0.624371411
 12  0.660330458
 13  0.64901415
 14  0.707217059
 15  0.707943909
 16  0.745051553
 17  0.757668968
 18  0.81785876
 19  0.89849797
 20  0.948109668
 21  1.03145716
 22  1.03816729
 23  1.07815219
 24  1.03431303
 25  1.06192804
 26  1.02910563
 27  1.0612426
 28  0.987891135
 29  0.868268112
 30  0.879159598
 31  0.909404533
 32  0.917567658
 33  0.93062155
 34  0.979233429
 35  0.922866045
 36  0.961606689
 37  0.922160935
 38  0.943217514
 39  0.887668338
 40  0.880111362
 41  0.977898833
 42  1.01574396
 43  0.883463036
 44  0.897535074
 45  0.750639989
 46  0.725548641
 47  0.701101535
 48  0.642511149
 49  0.594692756
 50  0.59170102
 51  0.591180422
 52  0.537690652
 53  0.552760526
 54  0.630280464
 55  0.543662613
 56  0.701475519
 57  0.738777692
 58  0.884444519
 59  0.854247652
 60  0.819215547
 61  0.893807247
 62  0.918272965
 63  0.98156951
 64  1.08739015
 65  1.04522616
 66  0.929506869
 67  0.979048071
 68  0.944213367
 69  0.906090897
 70  0.887467945
 71  1.0324944
 72  1.1362748
 73  1.1061125
 74  1.19926106
 75  1.33642674
 76  1.26642813
 77  1.05759426
 78  0.888322706
 79  0.785708131
 80  0.646661277
 81  0.601310465
 82  0.555271934
 83  0.543625165
 84  0.536683352
 85  0.545174799
 86  0.562484073
 87  0.613549738
 88  0.635270629
 89  0.633448936
 90  0.604077566
 91  0.587275476
 92  0.567628959
 93  0.563793692
 94  0.571662245
 95  0.6347085
 96  0.676768901
 97  0.816037621
 98  0.871839664
 99  1.07831341
 100  1.21427525
 101  1.38713279
 102  1.52078947
 103  1.41048943
 104  1.25595517
 105  1.09244665
 106  1.02469218
 107  0.847241505
 108  0.818715869
 109  0.681711729
 110  0.648423245
 111  0.578346316
 112  0.589740852
 113  0.579987842
 114  0.611623143
 115  0.646592518
 116  0.675949436
 117  0.756041486
 118  0.8003885
 119  0.911181278
 120  0.819473307
 121  0.797655098
 122  0.709165369
 123  0.779825227
 124  0.890319252
 125  0.829447626
 126  0.858272347
 127  0.738945441
 128  0.736322457
 129  0.676503566
 130  0.588864585
 131  0.591544596
 132  0.617869806
 133  0.541908895
 134  0.510299235
 135  0.474813869
 136  0.468964879
 137  0.525450295
 138  0.579268163
 139  0.643320489
 140  0.653822582
 141  0.672923288
 142  0.756173527
 143  0.750863412
 144  0.639891001
 145  0.561826734
 146  0.508742942
 147  0.470064326
 148  0.462094713
 149  0.469740477
 150  0.484948917
 151  0.538701297
 152  0.611965992
 153  0.674073297
 154  0.783424547
 155  0.91043327
 156  0.978544469
 157  0.820317243
 158  0.726435292
 159  0.671270929
 160  0.671815214
 161  0.570816842
 162  0.518435506
 163  0.505582021
 164  0.491130192
 165  0.501172599
 166  0.5133367
 167  0.573142115
 168  0.629754555
 169  0.792025584
 170  0.9520712
 171  1.12438538
 172  1.24474589
 173  1.23265333
 174  1.14288208
 175  1.11171319
 176  0.928063952
 177  0.828301108
 178  0.753074636
 179  0.601885338
 180  0.578217628
 181  0.561355082
 182  0.602215054
 183  0.606139651
 184  0.625733714
 185  0.663064516
 186  0.678731207
 187  0.769305352
 188  0.852471057
 189  0.964304936
 190  1.07012664
 191  1.07280946
 192  1.1593144
 193  1.20173485
 194  1.09555725
 195  1.00093842
 196  1.0030452
 197  1.02155169
 198  0.956729936
 199  0.956728336
 200  0.831317097
 201  0.815034231
 202  0.747022292
 203  0.771561531
 204  0.729833988
 205  0.765332905
 206  0.757103021
 207  0.752257471
 208  1.27990938
 209  1.22211424
 210  1.12262902
 211  1.12163372
 212  1.01846164
 213  0.997098503
 214  0.845771375
 215  0.873313591
 216  0.774694114
 217  0.726681723
 218  0.723174293
 219  0.733086234
 220  0.722508025
 221  0.815366483
 222  0.877381165
 223  0.923630695
 224  0.984146953
 225  0.974077356
 226  1.04992057
 227  1.04992523
 228  1.10717581
 229  1.10791636
 230  1.15611131
 231  1.13407743
 232  1.15907681
 233  1.0740843
 234  1.1463283
 235  1.16546217
 236  0.993132751
 237  1.0401761
 238  1.03318256
 239  1.06288489
 240  1.03905095
 241  1.09493838
 242  1.03932246
 243  1.10028383
 244  1.06878642
 245  1.14280068
 246  1.09376899
 247  1.03419284
 248  1.06500448
 249  1.12088381
 250  0.953563198
 251  0.880963832
 252  0.778925802
 253  0.750949955
 254  0.715741909
 255  0.665926361
 256  0.581841904
 257  0.577774617
 258  0.607172232
 259  0.528050864
 260  0.54969097
 261  0.670717712
 262  0.515279219
 263  0.699214317
 264  0.768179544
 265  0.916131362
 266  0.898412619
 267  0.88427394
 268  1.01549921
 269  1.02640817
 270  1.15301951
 271  1.25685308
 272  1.22010028
 273  1.05334159
 274  1.08184772
 275  1.03734327
 276  0.977664642
 277  0.943158098
 278  1.11040782
 279  1.22974287
 280  1.19657776
 281  1.31068284
 282  1.48247287
 283  1.45470274
 284  1.17412368
 285  0.965315609
 286  0.800368238
 287  0.613131608
 288  0.635555698
 289  0.601457707
 290  0.598851155
 291  0.580420226
 292  0.620934374
 293  0.636806678
 294  0.679932332
 295  0.682761373
 296  0.702855429
 297  0.675772106
 298  0.646201803
 299  0.623287575
 300  0.615446347
 301  0.620444252
 302  0.6699546
 303  0.697178504
 304  0.899666603
 305  0.921060804
 306  1.20949368
 307  1.3151
 308  1.49147644
 309  1.56275735
 310  1.43483201
 311  1.30575067
 312  1.17603943
 313  1.14188251
 314  0.918662872
 315  0.954117591
 316  0.763873778
 317  0.740791774
 318  0.657108482
 319  0.647839166
 320  0.654575421
 321  0.662707951
 322  0.714331641
 323  0.740347127
 324  0.827599149
 325  0.84829361
 326  0.926359254
 327  0.836784004
 328  0.841182282
 329  0.754449919
 330  0.807767258
 331  0.910544325
 332  0.857581262
 333  0.91154019
 334  0.76249477
 335  0.770452261
 336  0.73644046
 337  0.614790623
 338  0.706765094
 339  0.743030155
 340  0.636521298
 341  0.603950057
 342  0.504872292
 343  0.514090697
 344  0.553063046
 345  0.627989277
 346  0.720548997
 347  0.780638826
 348  0.878188674
 349  0.910220967
 350  0.858872908
 351  0.695184873
 352  0.610209321
 353  0.528729043
 354  0.490524036
 355  0.474686777
 356  0.500888631
 357  0.500447196
 358  0.602547297
 359  0.667259779
 360  0.774833102
 361  0.864071071
 362  0.993031563
 363  1.11379336
 364  0.917063705
 365  0.773323597
 366  0.738586192
 367  0.709431757
 368  0.627872878
 369  0.569008256
 370  0.551170312
 371  0.523945798
 372  0.557575149
 373  0.553166059
 374  0.622618371
 375  0.609177173
 376  0.844729251
 377  1.06075017
 378  1.32510789
 379  1.46848042
 380  1.44313283
 381  1.28233178
 382  1.23762138
 383  1.01724936
 384  0.928011545
 385  0.82939376
 386  0.687701264
 387  0.654823203
 388  0.624049095
 389  0.624152307
 390  0.717024168
 391  0.697901329
 392  0.810649813
 393  0.757514578
 394  0.965188778
 395  1.03726822
 396  1.26448551
 397  1.34732182
 398  1.29656147
 399  1.39097801
 400  1.41713503
 401  1.20632508
 402  1.12445933
 403  1.14676731
 404  1.17627566
 405  1.11253948
 406  1.13076124
 407  0.977260969
 408  0.982996066
 409  0.844956465
 410  0.931357689
 411  0.842142258
 412  0.911304733
 413  0.85471706
 414  0.922773671
 415  1.51586937
 416  1.48510087
 417  1.28524476
 418  1.25151936
 419  1.09857178
 420  1.03978869
 421  0.90189681
 422  0.89598098
 423  0.81261545
 424  0.760270853
 425  0.724724955
 426  0.72272898
 427  0.744923726
 428  0.843496135
 429  0.981876679
 430  1.01023843
 431  1.06256775
 432  1.11434374
 433  1.1969712
 434  1.25155067
 435  1.39806098
 436  1.43751814
 437  1.46425462
 438  1.40529135
 439  1.45204158
 440  1.30073974
 441  1.39410914
 442  1.41648418
 443  1.19514965
 444  1.27721617
 445  1.26479298
 446  1.33388755
 447  1.30327196
 448  1.45097753
 449  1.31038828
 450  1.37559819
 451  1.29664112
 452  1.31734695
 453  1.24353091
 454  1.19882924
 455  1.34396269
 456  1.40543671
 457  1.14082593
 458  1.01888218
 459  0.840655314
 460  0.816241092
 461  0.845830022
 462  0.77467926
 463  0.707127527
 464  0.698216278
 465  0.727762338
 466  0.624130606
 467  0.598341798
 468  0.747810462
 469  0.727230206
 470  0.788137473
 471  0.85756567
 472  1.03783178
 473  1.06353826
 474  1.02373652
 475  1.20108937
 476  1.21358862
 477  1.34549139
 478  1.44935049
 479  1.44823706
 480  1.28031352
 481  1.29786658
 482  1.18502695
 483  1.13176499
 484  1.04552873
 485  1.21036185
 486  1.32618799
 487  1.25572631
 488  1.34055396
 489  1.46131138
 490  1.38202213
 491  1.14240181
 492  1.00184325
 493  0.842867549
 494  0.656215519
 495  0.659571424
 496  0.646217801
 497  0.684835793
 498  0.667896306
 499  0.773734665
 500  0.752269813
 501  0.796264517
 502  0.720456441
 503  0.747360482
 504  0.69467368
 505  0.682945933
 506  0.657057183
 507  0.633363553
 508  0.638037797
 509  0.657332397
 510  0.722025498
 511  0.855173071
 512  0.942433116
 513  1.16407182
 514  1.33277559
 515  1.50085099
 516  1.7068202
 517  1.62918403
 518  1.43596129
 519  1.21978291
 520  1.13978123
 521  0.954909943
 522  0.902174465
 523  0.777299488
 524  0.726595349
 525  0.665212214
 526  0.654780596
 527  0.646609112
 528  0.650256162
 529  0.680341663
 530  0.736774655
 531  0.814776932
 532  0.84016843
 533  0.918893661
 534  0.869175743
 535  0.812557583
 536  0.776120795
 537  0.826448839
 538  0.894067887
 539  0.861073713
 540  0.862659365
 541  0.799718963
 542  0.889004681
 543  0.85945066
 544  0.773979344
 545  0.824258708
 546  0.871129479
 547  0.820252714
 548  0.825780409
 549  0.788669902
 550  0.804339533
 551  0.85004763
 552  0.960957334
 553  1.04933628
 554  1.08506324
 555  1.11083272
 556  1.16235348
 557  1.08530537
 558  0.922777093
 559  0.882151855
 560  0.787697979
 561  0.780540687
 562  0.719584363
 563  0.699407046
 564  0.695786116
 565  0.742327178
 566  0.761918448
 567  0.813917726
 568  0.829575735
 569  0.934154961
 570  0.959931142
 571  0.875113969
 572  0.86991724
 573  0.794067977
 574  0.827525117
 575  0.717773777
 576  0.728271694
 577  0.75599874
 578  0.698324937
 579  0.752215599
 580  0.685770067
 581  0.761090281
 582  0.724016812
 583  0.978036058
 584  1.15326124
 585  1.33324723
 586  1.54314264
 587  1.62550449
 588  1.48621531
 589  1.50694295
 590  1.36539479
 591  1.25417746
 592  1.20746519
 593  1.02240579
 594  0.947591794
 595  0.941224894
 596  0.876862187
 597  0.906649338
 598  0.865377744
 599  0.964683341
 600  0.945207743
 601  1.14512948
 602  1.27332005
 603  1.54129417
 604  1.71274911
 605  1.66801154
 606  1.82304705
 607  1.84302009
 608  1.60588208
 609  1.46013264
 610  1.49280354
 611  1.5552841
 612  1.43779417
 613  1.45605492
 614  1.22321847
 615  1.19249039
 616  1.01587953
 617  1.08758422
 618  0.962381891
 619  1.03062765
 620  1.0135259
 621  1.08960026
 622  1.47802612
 623  1.37062121
 624  1.22289625
 625  1.24669075
 626  1.11718881
 627  1.13895045
 628  0.991392197
 629  1.04367198
 630  0.95020901
 631  0.951194148
 632  0.907748969
 633  0.963065999
 634  1.03192808
 635  1.1602661
 636  1.267795
 637  1.24487683
 638  1.29655698
 639  1.25140961
 640  1.30184572
 641  1.24341506
 642  1.32351528
 643  1.25529988
 644  1.28170373
 645  1.2819774
 646  1.38556977
 647  1.34120997
 648  1.54532611
 649  1.48109505
 650  1.22607531
 651  1.20280945
 652  1.14952766
 653  1.15369523
 654  1.15898927
 655  1.31763986
 656  1.2992588
 657  1.46876641
 658  1.48181294
 659  1.65081696
 660  1.67419164
 661  1.60217131
 662  1.73376028
 663  1.7996093
 664  1.40051893
 665  1.33804854
 666  1.08309123
 667  0.970460453
 668  0.941778411
 669  0.824810436
 670  0.78887664
 671  0.780608449
 672  0.775766253
 673  0.731650351
 674  0.681753833
 675  0.782063895
 676  0.792295636
 677  0.858226922
 678  0.903971072
 679  1.08557367
 680  1.07321267
 681  1.16377229
 682  1.41613948
 683  1.51347478
 684  1.76371197
 685  1.9461171
 686  2.04034185
 687  1.66965773
 688  1.569777
 689  1.40814074
 690  1.26770478
 691  1.13919549
 692  1.31815165
 693  1.49190384
 694  1.36549356
 695  1.40981697
 696  1.53569733
 697  1.44201859
 698  1.23993557
 699  1.02875767
 700  0.877573548
 701  0.730470109
 702  0.681208836
 703  0.682169978
 704  0.692984916
 705  0.737297436
 706  0.809708285
 707  0.834116911
 708  0.884594622
 709  0.883732282
 710  0.86727947
 711  0.812223122
 712  0.771522376
 713  0.718337738
 714  0.650854083
 715  0.648223502
 716  0.669173531
 717  0.764363892
 718  0.890328333
 719  0.981848394
 720  1.18394806
 721  1.36223067
 722  1.55454499
 723  1.75210561
 724  1.62789379
 725  1.42945753
 726  1.21530729
 727  1.16299518
 728  0.969517747
 729  0.972087591
 730  0.830177795
 731  0.791358276
 732  0.733058503
 733  0.742923916
 734  0.774116233
 735  0.765781565
 736  0.834532893
 737  0.901824513
 738  1.03257947
 739  1.18075531
 740  1.30020348
 741  1.12907291
 742  1.06875673
 743  0.982291091
 744  1.13812398
 745  1.2681541
 746  1.11733693
 747  1.11416077
 748  0.964343115
 749  0.96495213
 750  0.912729547
 751  0.843164475
 752  0.885351741
 753  0.89937146
 754  0.878102777
 755  0.927095912
 756  0.820460812
 757  0.901314752
 758  0.883110712
 759  0.990203491
 760  1.05583644
 761  0.97812551
 762  0.883933478
 763  1.0833166
 764  1.05816978
 765  0.932532249
 766  0.857997252
 767  0.788195339
 768  0.796464563
 769  0.77265539
 770  0.812792294
 771  0.786170184
 772  0.833711882
 773  0.867787542
 774  0.945584549
 775  1.05004221
 776  1.17971509
 777  1.32325736
 778  1.18844453
 779  1.01583567
 780  0.877430987
 781  0.936515924
 782  0.828981804
 783  0.804980732
 784  0.799500969
 785  0.755927987
 786  0.762172315
 787  0.737467607
 788  0.775888386
 789  0.786343467
 790  0.942484073
 791  1.17921343
 792  1.33612048
 793  1.54596542
 794  1.6612969
 795  1.60406751
 796  1.69878
 797  1.46511303
 798  1.41402609
 799  1.41059468
 800  1.22496983
 801  1.10487876
 802  1.08859617
 803  1.00291767
 804  1.04688644
 805  0.955763266
 806  0.967236408
 807  0.904410158
 808  1.04921229
 809  1.1266614
 810  1.29378573
 811  1.49970014
 812  1.57154305
 813  1.76177334
 814  1.87020054
 815  1.75022645
 816  1.5171783
 817  1.62388851
 818  1.56021092
 819  1.38200093
 820  1.30925968
 821  1.08631796
 822  1.07798459
 823  0.997436644
 824  1.08349014
 825  1.06424032
 826  1.26125555
 827  1.30244087
 828  1.47494023
