 1  0.0591072008
 2  0.0583184418
 3  0.0544717649
 4  0.0547612785
 5  0.0527731963
 6  0.0489243344
 7  0.0432089069
 8  0.0399276286
 9  0.036912317
 10  0.0374556316
 11  0.037531909
 12  0.041418311
 13  0.042013989
 14  0.0423289604
 15  0.0406200646
 16  0.0422683949
 17  0.0439405308
 18  0.0474353895
 19  0.0510049081
 20  0.0531391402
 21  0.0545462875
 22  0.0536141868
 23  0.054147665
 24  0.0513857343
 25  0.0517143782
 26  0.0502525399
 27  0.0514960318
 28  0.0498548604
 29  0.0450308475
 30  0.0454954913
 31  0.0464819365
 32  0.0472115697
 33  0.0492281584
 34  0.0514919924
 35  0.0505848364
 36  0.0529862406
 37  0.0514482188
 38  0.0541293726
 39  0.0502835123
 40  0.0471657769
 41  0.0497688446
 42  0.0504756549
 43  0.0454870468
 44  0.0459809687
 45  0.0395016599
 46  0.0390730242
 47  0.0387365236
 48  0.0371719153
 49  0.0344823611
 50  0.0319825169
 51  0.0339539515
 52  0.0315396854
 53  0.0316082787
 54  0.0358774107
 55  0.0293438386
 56  0.0374388747
 57  0.0366438312
 58  0.0418352968
 59  0.0412596337
 60  0.0395556926
 61  0.0424788412
 62  0.0419582359
 63  0.0459897378
 64  0.0524354593
 65  0.0484533831
 66  0.041902449
 67  0.0432663582
 68  0.0432254582
 69  0.0438278781
 70  0.0433449179
 71  0.0500190166
 72  0.0530257452
 73  0.0518049246
 74  0.0574147554
 75  0.0646598897
 76  0.0615553325
 77  0.0513705441
 78  0.0421741325
 79  0.0370275345
 80  0.0317907878
 81  0.0291906413
 82  0.0285438686
 83  0.029145629
 84  0.0281027186
 85  0.0294047275
 86  0.0288133674
 87  0.0311416734
 88  0.0336924373
 89  0.0344746413
 90  0.0340262437
 91  0.0328678286
 92  0.0292971644
 93  0.0274914408
 94  0.027671251
 95  0.0293425423
 96  0.0337124111
 97  0.0390822619
 98  0.0435773825
 99  0.054036937
 100  0.0619137492
 101  0.0706986994
 102  0.0742526116
 103  0.0676236726
 104  0.0604350039
 105  0.0538706394
 106  0.0521234834
 107  0.0444961063
 108  0.0456140771
 109  0.040484367
 110  0.035699208
 111  0.0337845683
 112  0.0341161721
 113  0.034398917
 114  0.0382739582
 115  0.0388774684
 116  0.03980465
 117  0.0394138483
 118  0.0395796023
 119  0.0456373387
 120  0.0415386947
 121  0.0417901797
 122  0.0375418772
 123  0.0395475503
 124  0.0452447285
 125  0.0434011813
 126  0.044847597
 127  0.0374155304
 128  0.0357520644
 129  0.0340130122
 130  0.0300240584
 131  0.0324945592
 132  0.0361178752
 133  0.031665837
 134  0.0301728805
 135  0.0280179046
 136  0.0258918469
 137  0.0280338757
 138  0.0292076543
 139  0.0303115985
 140  0.0304510898
 141  0.0307117022
 142  0.0306009246
 143  0.0322971145
 144  0.02867639
 145  0.0256344102
 146  0.0242978731
 147  0.0228196669
 148  0.0227089102
 149  0.0259411728
 150  0.0257340052
 151  0.028530732
 152  0.0317491565
 153  0.0337600553
 154  0.0385813436
 155  0.0437421946
 156  0.0446435676
 157  0.0376533583
 158  0.0344387277
 159  0.0344241875
 160  0.0347609086
 161  0.0302904472
 162  0.0277832287
 163  0.0284694162
 164  0.0282536186
 165  0.0285878452
 166  0.0282617583
 167  0.0286694099
 168  0.0302664286
 169  0.0359315469
 170  0.0440702705
 171  0.0529587195
 172  0.0578413131
 173  0.0560587373
 174  0.0521369283
 175  0.0508723901
 176  0.0417999038
 177  0.0382476915
 178  0.0350753085
 179  0.03017395
 180  0.0303738522
 181  0.0313568951
 182  0.0323206029
 183  0.0340290949
 184  0.0341006295
 185  0.0363495068
 186  0.0359045923
 187  0.0411508059
 188  0.0442642425
 189  0.0496975263
 190  0.0531230886
 191  0.0545797724
 192  0.0600223794
 193  0.0625924747
 194  0.0558420916
 195  0.051745772
 196  0.0533913961
 197  0.0541527475
 198  0.0498262767
 199  0.0488944841
 200  0.0435735597
 201  0.0426203113
 202  0.0401198431
 203  0.0431830453
 204  0.040386599
 205  0.0411462411
 206  0.0392061048
 207  0.0408081694
 208  0.0648936764
 209  0.0618006269
 210  0.0556504249
 211  0.0563804813
 212  0.055302212
 213  0.0504898049
 214  0.0443586853
 215  0.0416207218
 216  0.0375814012
 217  0.0355238196
 218  0.0338749687
 219  0.0366924663
 220  0.0383855756
 221  0.0384789554
 222  0.039024965
 223  0.0395162015
 224  0.0418062711
 225  0.0430669235
 226  0.0476980037
 227  0.0503614385
 228  0.0534908794
 229  0.0538425303
 230  0.056982983
 231  0.0554451884
 232  0.0588453374
 233  0.0589793174
 234  0.0625464598
 235  0.0593802023
 236  0.0522528256
 237  0.0499493365
 238  0.048138063
 239  0.045589957
 240  0.0464050896
 241  0.0463489111
 242  0.0444278223
 243  0.0456360343
 244  0.0440481399
 245  0.048448895
 246  0.0458844014
 247  0.0424488854
 248  0.0424402093
 249  0.0427286839
 250  0.0388279376
 251  0.0396024705
 252  0.0343889239
 253  0.0329387886
 254  0.032518018
 255  0.0318927211
 256  0.0305311673
 257  0.0286835769
 258  0.0308150446
 259  0.035980519
 260  0.0406866648
 261  0.0393672067
 262  0.0297306091
 263  0.0392720516
 264  0.0392559443
 265  0.0476982736
 266  0.0461722217
 267  0.0473365887
 268  0.0512742311
 269  0.0525447069
 270  0.0610363157
 271  0.0794395399
 272  0.0813130251
 273  0.0568535204
 274  0.0568936385
 275  0.053357039
 276  0.054886764
 277  0.0514320346
 278  0.0610101638
 279  0.0670946096
 280  0.0648634819
 281  0.0721568631
 282  0.0823490149
 283  0.0788231595
 284  0.0632554344
 285  0.0512117272
 286  0.0470646686
 287  0.0375635794
 288  0.0358696742
 289  0.0331557994
 290  0.0325706162
 291  0.0279821812
 292  0.0298196438
 293  0.0286113589
 294  0.0326670069
 295  0.0338558209
 296  0.0340553035
 297  0.0316989787
 298  0.0316775092
 299  0.0289200874
 300  0.0295567131
 301  0.0329203093
 302  0.0389009515
 303  0.0460989508
 304  0.0518499937
 305  0.0497811541
 306  0.0643805259
 307  0.0719416014
 308  0.0841706415
 309  0.0882641959
 310  0.0779463079
 311  0.067053244
 312  0.0586277226
 313  0.0619638641
 314  0.0584573356
 315  0.05743373
 316  0.0468574574
 317  0.0408177797
 318  0.0360940196
 319  0.0338505695
 320  0.0331130133
 321  0.0346668449
 322  0.0359710231
 323  0.0349814473
 324  0.0375066645
 325  0.0380494842
 326  0.0420843122
 327  0.0374257557
 328  0.036038035
 329  0.0321953404
 330  0.0356684803
 331  0.0403071924
 332  0.0368979785
 333  0.0377090085
 334  0.0306861268
 335  0.0300666775
 336  0.0297468091
 337  0.0265169614
 338  0.0320880178
 339  0.0373188619
 340  0.0332736827
 341  0.0330279025
 342  0.030243784
 343  0.0295895709
 344  0.0314914053
 345  0.0350767782
 346  0.0396291111
 347  0.040536431
 348  0.0442427188
 349  0.043768487
 350  0.0441153258
 351  0.0391130555
 352  0.0350001102
 353  0.02743114
 354  0.0253081549
 355  0.0294714502
 356  0.0293633054
 357  0.0227814994
 358  0.0259340967
 359  0.0283154076
 360  0.031534901
 361  0.0351992635
 362  0.0395231511
 363  0.0425928981
 364  0.0366087348
 365  0.0316835606
 366  0.0317330743
 367  0.03152262
 368  0.0295318972
 369  0.0257931292
 370  0.0284379076
 371  0.0287334957
 372  0.0325330139
 373  0.032407261
 374  0.0362757704
 375  0.0372530867
 376  0.0470113254
 377  0.0558771559
 378  0.0687688435
 379  0.0765232305
 380  0.0761774814
 381  0.0690473456
 382  0.0681918329
 383  0.0548326282
 384  0.0492489685
 385  0.0439752206
 386  0.0381656862
 387  0.0365605095
 388  0.0370238994
 389  0.0367782436
 390  0.0380596068
 391  0.0382885292
 392  0.0409906461
 393  0.0369600548
 394  0.0372856597
 395  0.0374929705
 396  0.0441068951
 397  0.0457887855
 398  0.0455109661
 399  0.0495598747
 400  0.0518629213
 401  0.0449753945
 402  0.0416519135
 403  0.0437006867
 404  0.0447350577
 405  0.0412062607
 406  0.0419809262
 407  0.0378722558
 408  0.039660133
 409  0.041321254
 410  0.0478383342
 411  0.0469764623
 412  0.0488151236
 413  0.0501982871
 414  0.0587572947
 415  0.0589200076
 416  0.0603005775
 417  0.0537385138
 418  0.0607144021
 419  0.0626671443
 420  0.0587768375
 421  0.0519607953
 422  0.0508059957
 423  0.0442038629
 424  0.0411777729
 425  0.0355418623
 426  0.0357454544
 427  0.0416661338
 428  0.0443922173
 429  0.0535596314
 430  0.052290493
 431  0.057167286
 432  0.0555469528
 433  0.0609457663
 434  0.0593920848
 435  0.064440787
 436  0.0622076244
 437  0.0624812411
 438  0.0615662081
 439  0.0630089905
 440  0.0580203896
 441  0.0634362246
 442  0.0659537424
 443  0.0606403664
 444  0.0619950341
 445  0.0580434271
 446  0.0602986451
 447  0.0587593615
 448  0.0648237067
 449  0.0604092929
 450  0.0644298239
 451  0.0631953233
 452  0.0692540452
 453  0.0687020536
 454  0.0633147913
 455  0.0671445897
 456  0.0670823688
 457  0.050528982
 458  0.0413580465
 459  0.0307593907
 460  0.0304044371
 461  0.0361624283
 462  0.0308311692
 463  0.0294183028
 464  0.035148769
 465  0.0321831419
 466  0.040603478
 467  0.0570160041
 468  0.0488044321
 469  0.0412205418
 470  0.0370531785
 471  0.0352586261
 472  0.0407709904
 473  0.0492933288
 474  0.0526152476
 475  0.0593650765
 476  0.0598508354
 477  0.0709129428
 478  0.0901114413
 479  0.0945804152
 480  0.0657897897
 481  0.0550067764
 482  0.046878312
 483  0.0434978631
 484  0.0386776739
 485  0.0441387875
 486  0.0466009584
 487  0.0426676015
 488  0.0452967921
 489  0.0507574541
 490  0.050320207
 491  0.0454324068
 492  0.0427221738
 493  0.0463823357
 494  0.0457980067
 495  0.0465723615
 496  0.0410236268
 497  0.0367744732
 498  0.0340384207
 499  0.0321113927
 500  0.0290894948
 501  0.0298693445
 502  0.0269793421
 503  0.0276577344
 504  0.0275453536
 505  0.0306200809
 506  0.0311628202
 507  0.0328073913
 508  0.0350739374
 509  0.0427785301
 510  0.0465609408
 511  0.0430477668
 512  0.0432141351
 513  0.0454641263
 514  0.0503279299
 515  0.0615088176
 516  0.0683718486
 517  0.0632744979
 518  0.0570949945
 519  0.0473733353
 520  0.0556920534
 521  0.0573651087
 522  0.0570453281
 523  0.0516094582
 524  0.0443879616
 525  0.0387213089
 526  0.0357530625
 527  0.0315515848
 528  0.030912833
 529  0.0293313687
 530  0.0295273545
 531  0.0301203788
 532  0.0317690844
 533  0.0343983579
 534  0.0316343842
 535  0.0295379185
 536  0.027037248
 537  0.0296689791
 538  0.0322897964
 539  0.0305110559
 540  0.0327231271
 541  0.0327475641
 542  0.0360688929
 543  0.0354125108
 544  0.033311387
 545  0.0355874675
 546  0.0473557899
 547  0.0454566864
 548  0.0443126195
 549  0.0411920712
 550  0.0421195621
 551  0.0406585896
 552  0.0496840236
 553  0.0510724075
 554  0.050882238
 555  0.0413619439
 556  0.045572059
 557  0.0451200777
 558  0.0410865501
 559  0.0487832338
 560  0.0367048525
 561  0.0385663247
 562  0.0519889193
 563  0.0385551032
 564  0.0337479487
 565  0.0271751363
 566  0.0307796681
 567  0.0326606456
 568  0.0357191546
 569  0.0404488677
 570  0.0477389901
 571  0.0438135818
 572  0.0418589487
 573  0.0319979421
 574  0.0311924224
 575  0.0297387978
 576  0.0313125931
 577  0.03484542
 578  0.0369694529
 579  0.0375621106
 580  0.0410296452
 581  0.0443730966
 582  0.0410599602
 583  0.0445690375
 584  0.0450965055
 585  0.0508351099
 586  0.0528366635
 587  0.0563565415
 588  0.0524605353
 589  0.0576943669
 590  0.0542131508
 591  0.0563175802
 592  0.062878336
 593  0.0573320474
 594  0.0492265869
 595  0.0483046607
 596  0.0482769443
 597  0.0494062063
 598  0.0519520705
 599  0.0552186247
 600  0.0515997574
 601  0.0514546589
 602  0.0545168848
 603  0.0653312253
 604  0.0730128842
 605  0.0715197139
 606  0.0779624382
 607  0.0783977106
 608  0.0695543825
 609  0.0638506697
 610  0.0681349437
 611  0.0690556272
 612  0.0637275232
 613  0.064539232
 614  0.0568878846
 615  0.0563558872
 616  0.0541279913
 617  0.0571548792
 618  0.0529750617
 619  0.0564188536
 620  0.0605922973
 621  0.068777247
 622  0.0618831316
 623  0.0645238951
 624  0.0592238658
 625  0.0681510211
 626  0.0726773391
 627  0.0664388041
 628  0.0577746866
 629  0.0555031302
 630  0.0456958945
 631  0.0392131721
 632  0.0322363518
 633  0.0313642447
 634  0.0359920692
 635  0.0402898229
 636  0.0527848208
 637  0.0529918749
 638  0.0617336864
 639  0.0591403898
 640  0.0675885754
 641  0.065493205
 642  0.0721641857
 643  0.0673667565
 644  0.0664436301
 645  0.0649804826
 646  0.0653643721
 647  0.0603235444
 648  0.0648252504
 649  0.0680942973
 650  0.0652230244
 651  0.0664627632
 652  0.0624208316
 653  0.0639585848
 654  0.0634991519
 655  0.0699037618
 656  0.0643360946
 657  0.0694171405
 658  0.0664467963
 659  0.0755539873
 660  0.0733108258
 661  0.0646046293
 662  0.0680806334
 663  0.0671368816
 664  0.0498794032
 665  0.0399382142
 666  0.0304798372
 667  0.0299665085
 668  0.0378419486
 669  0.0295117407
 670  0.0280985919
 671  0.0381664533
 672  0.0347020783
 673  0.0487759345
 674  0.0760641522
 675  0.0625301608
 676  0.0476014573
 677  0.0445244363
 678  0.0439106453
 679  0.045266061
 680  0.0548312735
 681  0.0591573351
 682  0.0632047773
 683  0.0647922516
 684  0.0776026932
 685  0.106685474
 686  0.116485265
 687  0.075504857
 688  0.0587785242
 689  0.0498046954
 690  0.0490652827
 691  0.0435753908
 692  0.0460315374
 693  0.0491890371
 694  0.0476463789
 695  0.0489828675
 696  0.0546222041
 697  0.0567929588
 698  0.0524250652
 699  0.050752079
 700  0.0571086221
 701  0.0565869056
 702  0.0564008817
 703  0.0483233367
 704  0.0423118265
 705  0.0378180847
 706  0.0351442457
 707  0.0299635464
 708  0.0318436894
 709  0.0285130642
 710  0.0300679153
 711  0.0277465143
 712  0.0329413476
 713  0.0326652744
 714  0.0366826565
 715  0.0391975476
 716  0.0528129437
 717  0.0572212732
 718  0.050777705
 719  0.0503802499
 720  0.0513849714
 721  0.0543848759
 722  0.0634047067
 723  0.0666575654
 724  0.0646235204
 725  0.0604587828
 726  0.0529391653
 727  0.065159587
 728  0.0688426451
 729  0.0651999431
 730  0.0595245153
 731  0.0495438376
 732  0.0405743936
 733  0.0360519744
 734  0.0312686859
 735  0.0291124774
 736  0.0281995278
 737  0.0277709869
 738  0.0289004596
 739  0.0302614274
 740  0.0341624244
 741  0.0309301677
 742  0.0290541966
 743  0.0264211541
 744  0.0293158044
 745  0.0332317745
 746  0.031680778
 747  0.0327339797
 748  0.0301386461
 749  0.0337969034
 750  0.0341930722
 751  0.0326134455
 752  0.0369701789
 753  0.0564694313
 754  0.0552942198
 755  0.0549532003
 756  0.0505471314
 757  0.0532441792
 758  0.051847904
 759  0.0629881489
 760  0.0650049588
 761  0.0657251321
 762  0.0524662242
 763  0.0560516108
 764  0.0554316382
 765  0.0546764501
 766  0.0700209439
 767  0.0493248849
 768  0.0508074963
 769  0.0690376765
 770  0.0423796465
 771  0.033725542
 772  0.0271377208
 773  0.0295310702
 774  0.0314480197
 775  0.0325661259
 776  0.0370285072
 777  0.0420036739
 778  0.0413742656
 779  0.0371833842
 780  0.0297860955
 781  0.0291297135
 782  0.0299047423
 783  0.0331147022
 784  0.0392972122
 785  0.0439468689
 786  0.0461839754
 787  0.0505863656
 788  0.0557418155
 789  0.0529769868
 790  0.0549877159
 791  0.0540941078
 792  0.0594885304
 793  0.0599592618
 794  0.0634472129
 795  0.0581174107
 796  0.0630438734
 797  0.061078382
 798  0.0641427057
 799  0.0722896008
 800  0.0705328902
 801  0.0606753196
 802  0.0605289476
 803  0.0579270138
 804  0.0593660651
 805  0.0608451616
 806  0.0623999913
 807  0.0548645844
 808  0.0517292284
 809  0.0550379844
 810  0.066411259
 811  0.0745947555
 812  0.0731525786
 813  0.0812761999
 814  0.0777204334
 815  0.0689404653
 816  0.0628465277
 817  0.0703013653
 818  0.0730127958
 819  0.0653849272
 820  0.0675099487
 821  0.0602501059
 822  0.0595034568
 823  0.0577700705
 824  0.0623959281
 825  0.0591240186
 826  0.0637172545
 827  0.0738085524
 828  0.0851181646
