 1  1.21118158
 2  1.1907254
 3  1.1026771
 4  1.10726366
 5  0.999620607
 6  0.957199193
 7  0.806196351
 8  0.785380093
 9  0.710996356
 10  0.702488322
 11  0.700663441
 12  0.731454947
 13  0.707359772
 14  0.752782587
 15  0.766120259
 16  0.833245898
 17  0.888709947
 18  0.939917716
 19  1.03402448
 20  1.05649699
 21  1.11041542
 22  1.08759708
 23  1.10201155
 24  1.04465636
 25  1.031607
 26  0.979735649
 27  0.996036085
 28  0.984423414
 29  0.881520125
 30  0.914360289
 31  0.946810885
 32  0.971542287
 33  0.998260765
 34  1.05196163
 35  1.0212831
 36  1.07412241
 37  1.02639283
 38  1.09523427
 39  1.01537644
 40  0.9297789
 41  0.972993994
 42  0.976599896
 43  0.864865389
 44  0.851372327
 45  0.761186942
 46  0.745105898
 47  0.72804509
 48  0.679407309
 49  0.624167313
 50  0.624695862
 51  0.641958186
 52  0.583766047
 53  0.59682026
 54  0.690771744
 55  0.565413944
 56  0.723212575
 57  0.748776808
 58  0.868794741
 59  0.851223798
 60  0.817025743
 61  0.882364757
 62  0.88349132
 63  0.960584843
 64  1.04749685
 65  0.997500999
 66  0.866565575
 67  0.89569097
 68  0.893223366
 69  0.846839854
 70  0.854300971
 71  0.985671043
 72  1.04804484
 73  1.03129606
 74  1.14286349
 75  1.28595394
 76  1.23350264
 77  1.0333923
 78  0.853041042
 79  0.733938282
 80  0.614563567
 81  0.627447429
 82  0.628408624
 83  0.64474513
 84  0.623359626
 85  0.626426437
 86  0.609671278
 87  0.643759392
 88  0.681397136
 89  0.70372025
 90  0.689660078
 91  0.694783284
 92  0.659258673
 93  0.653963451
 94  0.627516929
 95  0.660911123
 96  0.679269953
 97  0.821130319
 98  0.880013094
 99  1.1010199
 100  1.22913851
 101  1.39672978
 102  1.47817498
 103  1.36786901
 104  1.25568659
 105  1.12252545
 106  1.08557896
 107  0.895140374
 108  0.888856829
 109  0.732033358
 110  0.700747257
 111  0.645610434
 112  0.667325218
 113  0.670011234
 114  0.702963209
 115  0.726911186
 116  0.746912695
 117  0.764948109
 118  0.765105653
 119  0.875514549
 120  0.811461397
 121  0.807994627
 122  0.735658064
 123  0.767999295
 124  0.853151056
 125  0.816879171
 126  0.854288553
 127  0.72813861
 128  0.710130133
 129  0.674283299
 130  0.600924856
 131  0.634098808
 132  0.691301985
 133  0.61503234
 134  0.582967478
 135  0.509581583
 136  0.497309507
 137  0.525492467
 138  0.570993511
 139  0.611760661
 140  0.647197268
 141  0.691219716
 142  0.693393694
 143  0.709804476
 144  0.617761282
 145  0.583785346
 146  0.54226687
 147  0.526829995
 148  0.511987945
 149  0.531237793
 150  0.519045884
 151  0.584076888
 152  0.628063519
 153  0.683462557
 154  0.765093352
 155  0.863325467
 156  0.890844194
 157  0.772340431
 158  0.701952193
 159  0.695648186
 160  0.68893984
 161  0.603867009
 162  0.569294415
 163  0.573918993
 164  0.568977622
 165  0.582714134
 166  0.567458213
 167  0.580737851
 168  0.592004358
 169  0.72542168
 170  0.88812073
 171  1.07006063
 172  1.1596509
 173  1.10775984
 174  1.02239547
 175  0.979138934
 176  0.813902994
 177  0.748907043
 178  0.695319373
 179  0.59367416
 180  0.583553758
 181  0.596048135
 182  0.626890092
 183  0.679069366
 184  0.679566235
 185  0.729575343
 186  0.717195166
 187  0.850461064
 188  0.916005335
 189  1.03003653
 190  1.10004357
 191  1.10792729
 192  1.18877561
 193  1.20764837
 194  1.08000707
 195  1.01365061
 196  1.05604548
 197  1.08945075
 198  1.01530673
 199  1.01094235
 200  0.899481057
 201  0.883112952
 202  0.790673628
 203  0.83449315
 204  0.784569121
 205  0.819090742
 206  0.784229771
 207  0.811663597
 208  1.41012745
 209  1.35907683
 210  1.24082185
 211  1.24129765
 212  1.10804388
 213  1.06565152
 214  0.87636614
 215  0.874010355
 216  0.760925521
 217  0.726949167
 218  0.695234234
 219  0.725010907
 220  0.730186288
 221  0.783615052
 222  0.821402258
 223  0.892711124
 224  0.964281449
 225  0.989641671
 226  1.11140691
 227  1.12911838
 228  1.20815975
 229  1.18447253
 230  1.22539519
 231  1.16750201
 232  1.16599147
 233  1.12554798
 234  1.15260102
 235  1.11709877
 236  0.978798251
 237  0.998761281
 238  1.02688059
 239  1.02678324
 240  1.05285507
 241  1.09300238
 242  1.05226539
 243  1.11228173
 244  1.06265433
 245  1.17645243
 246  1.09577172
 247  0.98709166
 248  0.998635573
 249  1.00123142
 250  0.882728086
 251  0.872348124
 252  0.765222224
 253  0.729062816
 254  0.694339361
 255  0.631863104
 256  0.588759407
 257  0.596648043
 258  0.600828907
 259  0.544373191
 260  0.588617438
 261  0.702597713
 262  0.548029448
 263  0.782846947
 264  0.834058359
 265  0.998963142
 266  0.946611495
 267  0.912831963
 268  1.00086215
 269  1.02388142
 270  1.11257708
 271  1.23485573
 272  1.18355443
 273  1.03062283
 274  1.08474832
 275  1.07038625
 276  1.03694863
 277  1.0185967
 278  1.1857778
 279  1.30330613
 280  1.28152474
 281  1.42703382
 282  1.62777054
 283  1.56920544
 284  1.27728048
 285  1.04351126
 286  0.871089414
 287  0.674919577
 288  0.654576666
 289  0.607605182
 290  0.611939042
 291  0.567953674
 292  0.609664239
 293  0.622145068
 294  0.698706681
 295  0.724317603
 296  0.706587336
 297  0.653947139
 298  0.641847333
 299  0.609354323
 300  0.629174738
 301  0.633957967
 302  0.710425298
 303  0.755269831
 304  0.973591026
 305  1.02429201
 306  1.33266098
 307  1.47861028
 308  1.7098159
 309  1.80841522
 310  1.63574398
 311  1.47676413
 312  1.30692756
 313  1.26219485
 314  1.00724192
 315  1.03443493
 316  0.809928168
 317  0.769164407
 318  0.660487933
 319  0.663743492
 320  0.649079645
 321  0.662124158
 322  0.698761897
 323  0.711577609
 324  0.78154077
 325  0.80931313
 326  0.917479392
 327  0.833040853
 328  0.818601881
 329  0.732147903
 330  0.787542424
 331  0.871953746
 332  0.806787365
 333  0.853215611
 334  0.712855365
 335  0.703391168
 336  0.676370842
 337  0.589928235
 338  0.64199989
 339  0.700666269
 340  0.619558586
 341  0.603077242
 342  0.522188808
 343  0.540464162
 344  0.566120632
 345  0.641549576
 346  0.740238661
 347  0.784894756
 348  0.895282206
 349  0.912002003
 350  0.876372664
 351  0.728385257
 352  0.657189596
 353  0.561569054
 354  0.536628924
 355  0.505040447
 356  0.530046887
 357  0.492654486
 358  0.569856074
 359  0.628326244
 360  0.714906436
 361  0.805569989
 362  0.917530449
 363  1.00164793
 364  0.867744503
 365  0.743560516
 366  0.723116998
 367  0.687895779
 368  0.609604337
 369  0.54937569
 370  0.559475128
 371  0.534060383
 372  0.584788115
 373  0.578250249
 374  0.65098465
 375  0.685814385
 376  0.898608817
 377  1.11207344
 378  1.36399685
 379  1.50226419
 380  1.4766729
 381  1.31755571
 382  1.24965862
 383  1.03493223
 384  0.92338082
 385  0.829880406
 386  0.690964376
 387  0.647612335
 388  0.641759002
 389  0.663231199
 390  0.711898992
 391  0.702574726
 392  0.756391101
 393  0.725768421
 394  0.865400165
 395  0.921759277
 396  1.05790642
 397  1.13419304
 398  1.12598626
 399  1.21062702
 400  1.23200024
 401  1.06900033
 402  1.00787534
 403  1.06921299
 404  1.10326651
 405  1.02011524
 406  1.0246515
 407  0.903543585
 408  0.905680904
 409  0.821349491
 410  0.889315384
 411  0.850692862
 412  0.90081455
 413  0.875949116
 414  0.911753372
 415  1.34010193
 416  1.35925098
 417  1.21372767
 418  1.27591509
 419  1.11882807
 420  1.11542424
 421  0.960368983
 422  0.965450459
 423  0.880050317
 424  0.862073447
 425  0.814517155
 426  0.852451604
 427  0.893653671
 428  0.963715977
 429  1.06628818
 430  1.09742591
 431  1.15743384
 432  1.19306612
 433  1.28241351
 434  1.25817044
 435  1.36629045
 436  1.30131271
 437  1.26522705
 438  1.20419046
 439  1.20922769
 440  1.12449963
 441  1.20437276
 442  1.19028187
 443  1.03202762
 444  1.08486232
 445  1.08618958
 446  1.15805255
 447  1.18380136
 448  1.3409551
 449  1.29110173
 450  1.41900799
 451  1.37576354
 452  1.52596683
 453  1.46277074
 454  1.33995537
 455  1.44558536
 456  1.45731072
 457  1.15302499
 458  1.06485195
 459  0.882301239
 460  0.831766577
 461  0.836425417
 462  0.738635314
 463  0.701012439
 464  0.701775073
 465  0.693244348
 466  0.618218874
 467  0.595507391
 468  0.72915636
 469  0.717048508
 470  0.755495993
 471  0.763030101
 472  0.930540047
 473  0.941878966
 474  0.954096505
 475  1.09892146
 476  1.15887692
 477  1.32789345
 478  1.48993294
 479  1.53909067
 480  1.27250788
 481  1.22850921
 482  1.10605739
 483  1.0351757
 484  0.934902474
 485  1.05082628
 486  1.16940245
 487  1.11098997
 488  1.19977104
 489  1.35824092
 490  1.26835386
 491  1.08607847
 492  0.887726017
 493  0.782026492
 494  0.645340279
 495  0.632468842
 496  0.630913601
 497  0.661555585
 498  0.66020449
 499  0.733713668
 500  0.710223162
 501  0.761024467
 502  0.717254562
 503  0.731260171
 504  0.702455769
 505  0.691541559
 506  0.667511644
 507  0.635298352
 508  0.645357446
 509  0.65762933
 510  0.73402264
 511  0.841099133
 512  0.918411011
 513  1.12237701
 514  1.2899091
 515  1.53826165
 516  1.72913703
 517  1.55106569
 518  1.40566073
 519  1.15927483
 520  1.15683913
 521  0.949376737
 522  0.955751866
 523  0.81708867
 524  0.773484229
 525  0.709293873
 526  0.710170503
 527  0.701803808
 528  0.703883109
 529  0.723501335
 530  0.793283222
 531  0.852564925
 532  0.899260257
 533  0.988731094
 534  0.931583731
 535  0.876708508
 536  0.81969919
 537  0.88738723
 538  0.937630521
 539  0.868284599
 540  0.877685475
 541  0.791667288
 542  0.830780593
 543  0.794483855
 544  0.730203094
 545  0.763563815
 546  0.80834127
 547  0.788647347
 548  0.809492514
 549  0.746110902
 550  0.77965731
 551  0.767746284
 552  0.87226601
 553  0.915740985
 554  0.904819795
 555  0.851587453
 556  0.942290635
 557  0.902822109
 558  0.796683754
 559  0.788539316
 560  0.709871018
 561  0.745087131
 562  0.710400435
 563  0.73614968
 564  0.690936417
 565  0.701239254
 566  0.718313701
 567  0.766644278
 568  0.814359017
 569  0.898662611
 570  0.966238777
 571  0.895936615
 572  0.855455767
 573  0.742101103
 574  0.76293586
 575  0.686050628
 576  0.695820921
 577  0.73089929
 578  0.674158855
 579  0.705303246
 580  0.664809498
 581  0.68857852
 582  0.667382676
 583  0.798190767
 584  0.968324976
 585  1.11077034
 586  1.25707853
 587  1.33230758
 588  1.27335067
 589  1.33492394
 590  1.20629212
 591  1.15356812
 592  1.1885648
 593  1.0263859
 594  0.913338594
 595  0.919177759
 596  0.874331446
 597  0.906866933
 598  0.847864626
 599  0.890134556
 600  0.852664215
 601  1.02999116
 602  1.12913814
 603  1.28420642
 604  1.44959744
 605  1.49316594
 606  1.6541047
 607  1.70834406
 608  1.53561008
 609  1.39237989
 610  1.49149603
 611  1.490859
 612  1.34164929
 613  1.2945979
 614  1.10108039
 615  1.05905657
 616  0.917821226
 617  0.968475735
 618  0.914227021
 619  1.02997509
 620  1.05656083
 621  1.17579378
 622  1.44177251
 623  1.47847224
 624  1.33753024
 625  1.40320977
 626  1.24751559
 627  1.24233362
 628  1.07178632
 629  1.07958328
 630  0.973969739
 631  0.941323401
 632  0.89360467
 633  0.926425977
 634  0.956314698
 635  1.05560863
 636  1.18434616
 637  1.23967911
 638  1.31270292
 639  1.35106887
 640  1.44778454
 641  1.41844267
 642  1.53918209
 643  1.44170122
 644  1.37588923
 645  1.29046026
 646  1.28320698
 647  1.17981752
 648  1.25958574
 649  1.24658773
 650  1.08287656
 651  1.144144
 652  1.17274009
 653  1.26035722
 654  1.31310485
 655  1.51461412
 656  1.47043334
 657  1.6447473
 658  1.58194294
 659  1.7817444
 660  1.68774358
 661  1.53045797
 662  1.6759272
 663  1.69276057
 664  1.35144234
 665  1.2814825
 666  1.09882539
 667  1.02503774
 668  1.02846086
 669  0.879178171
 670  0.846860136
 671  0.827303557
 672  0.816158156
 673  0.75837994
 674  0.708661774
 675  0.829813214
 676  0.82385258
 677  0.831706156
 678  0.84508963
 679  0.981439923
 680  0.994427748
 681  1.02537368
 682  1.17522656
 683  1.26116837
 684  1.43257049
 685  1.5762045
 686  1.68931359
 687  1.41684671
 688  1.33772305
 689  1.19549065
 690  1.13685267
 691  1.01021728
 692  1.10741779
 693  1.24970154
 694  1.2083498
 695  1.28489464
 696  1.46222436
 697  1.3829075
 698  1.17961413
 699  0.980682645
 700  0.88308793
 701  0.744322398
 702  0.732629955
 703  0.751735559
 704  0.809374341
 705  0.823842274
 706  0.938822132
 707  0.893652649
 708  0.990742941
 709  0.929183563
 710  0.962494701
 711  0.881734537
 712  0.872255193
 713  0.801990694
 714  0.742524464
 715  0.72173972
 716  0.725601455
 717  0.802926262
 718  0.921162661
 719  0.999902593
 720  1.2140602
 721  1.38892855
 722  1.63215584
 723  1.80523654
 724  1.64516124
 725  1.5180734
 726  1.26578131
 727  1.25206692
 728  1.03233398
 729  1.04495221
 730  0.897367761
 731  0.843935947
 732  0.7663639
 733  0.783746997
 734  0.808919335
 735  0.813163422
 736  0.872909859
 737  0.957871756
 738  1.04750869
 739  1.09528409
 740  1.22242063
 741  1.15426181
 742  1.08197599
 743  1.02195454
 744  1.10321283
 745  1.1748
 746  1.09417926
 747  1.07185189
 748  0.912007407
 749  0.947428511
 750  0.904822825
 751  0.843710511
 752  0.884337728
 753  0.934372933
 754  0.929581139
 755  0.966516719
 756  0.875333404
 757  0.95172176
 758  0.912270281
 759  1.03219197
 760  1.09413132
 761  1.07811067
 762  1.0274944
 763  1.13068877
 764  1.05947507
 765  0.947884692
 766  0.939074283
 767  0.846023734
 768  0.90279212
 769  0.833560643
 770  0.867954363
 771  0.806217818
 772  0.852764639
 773  0.852723826
 774  0.915059713
 775  0.939689032
 776  1.02354405
 777  1.10570911
 778  1.04213048
 779  0.93941854
 780  0.887105404
 781  0.916292151
 782  0.881784859
 783  0.876718003
 784  0.922609075
 785  0.838449498
 786  0.878590678
 787  0.804494432
 788  0.833523831
 789  0.801076582
 790  0.938302566
 791  1.099505
 792  1.25135924
 793  1.41756143
 794  1.51382258
 795  1.41721506
 796  1.47868112
 797  1.35506283
 798  1.3121415
 799  1.361635
 800  1.2270395
 801  1.08868633
 802  1.0983802
 803  1.00968122
 804  1.04308943
 805  0.954860212
 806  0.982973904
 807  0.946564991
 808  1.14912211
 809  1.26940682
 810  1.42814567
 811  1.62363962
 812  1.7079108
 813  1.92871114
 814  1.95911218
 815  1.7796662
 816  1.58770423
 817  1.72572299
 818  1.7306276
 819  1.52231193
 820  1.45030873
 821  1.23000097
 822  1.15953307
 823  0.994681218
 824  1.03035691
 825  0.99434931
 826  1.13263549
 827  1.19779371
 828  1.34509847
