 1  0.0495534288
 2  0.0475190707
 3  0.0428571654
 4  0.0431729833
 5  0.0420832116
 6  0.0423031771
 7  0.0387602726
 8  0.0394578002
 9  0.0372652078
 10  0.0370300192
 11  0.0349852749
 12  0.0381889083
 13  0.0437401186
 14  0.0477387713
 15  0.0462583262
 16  0.0465462113
 17  0.0467968004
 18  0.0459956934
 19  0.0468925749
 20  0.0453410503
 21  0.0469127785
 22  0.0461079016
 23  0.0463995172
 24  0.0449719855
 25  0.0469029996
 26  0.045492839
 27  0.0489251147
 28  0.046899834
 29  0.041563243
 30  0.0427288329
 31  0.0418934605
 32  0.0444352816
 33  0.0445282642
 34  0.0499743692
 35  0.0482529794
 36  0.0531165776
 37  0.053383216
 38  0.0554582348
 39  0.0550344291
 40  0.0549784052
 41  0.0590400722
 42  0.0600140449
 43  0.0499393626
 44  0.0467703474
 45  0.0355815738
 46  0.0340167529
 47  0.0359049869
 48  0.0315238244
 49  0.0273855756
 50  0.026427923
 51  0.0277072195
 52  0.0228883257
 53  0.0241619718
 54  0.0292333935
 55  0.0244499138
 56  0.0282351368
 57  0.0310201422
 58  0.037636783
 59  0.0363857615
 60  0.0365558525
 61  0.0412082562
 62  0.0420758539
 63  0.0469272473
 64  0.0551263726
 65  0.0553480359
 66  0.0484691235
 67  0.0496787623
 68  0.0448600597
 69  0.0452602535
 70  0.0415037399
 71  0.0472625312
 72  0.054216433
 73  0.0523582455
 74  0.054610152
 75  0.0600806693
 76  0.0590600721
 77  0.0486229284
 78  0.0415017715
 79  0.035667303
 80  0.0284057579
 81  0.025003723
 82  0.0206734033
 83  0.0187184572
 84  0.0180641598
 85  0.0185985929
 86  0.0196034068
 87  0.020736254
 88  0.0220999521
 89  0.0231183818
 90  0.0232888073
 91  0.0219997883
 92  0.0208063395
 93  0.019665705
 94  0.02227668
 95  0.0249674134
 96  0.03034298
 97  0.0357718056
 98  0.0378831374
 99  0.0467489548
 100  0.0519416863
 101  0.0576261705
 102  0.0618310574
 103  0.0564754491
 104  0.0485593073
 105  0.0434498145
 106  0.0418771631
 107  0.0370360907
 108  0.0376758795
 109  0.0340945582
 110  0.032001246
 111  0.0299536
 112  0.0286513487
 113  0.0270787878
 114  0.029021696
 115  0.0287003927
 116  0.0300480439
 117  0.0320492159
 118  0.0348079515
 119  0.0383529053
 120  0.0323611669
 121  0.0334334999
 122  0.0297911631
 123  0.0343153637
 124  0.0407157642
 125  0.0389201515
 126  0.0395565285
 127  0.0319417246
 128  0.0322635523
 129  0.0315712673
 130  0.0262657699
 131  0.0291836908
 132  0.0310135524
 133  0.0270980607
 134  0.0265326106
 135  0.0243548057
 136  0.025456366
 137  0.0288018666
 138  0.0324922401
 139  0.0359589268
 140  0.0358714738
 141  0.0356589471
 142  0.0390556146
 143  0.0382853606
 144  0.0308353299
 145  0.0241396855
 146  0.0197978259
 147  0.0154565198
 148  0.0135871191
 149  0.0149879842
 150  0.0171210653
 151  0.021040178
 152  0.0265545777
 153  0.0304312963
 154  0.0353311035
 155  0.040923179
 156  0.0471787001
 157  0.0407019103
 158  0.0355502324
 159  0.0292275553
 160  0.0278748574
 161  0.0206247928
 162  0.0178439568
 163  0.0162184526
 164  0.0162581215
 165  0.018045562
 166  0.0200823398
 167  0.0255466064
 168  0.0275636597
 169  0.0379739778
 170  0.0467844249
 171  0.0557201071
 172  0.0627358433
 173  0.0643657765
 174  0.0595181758
 175  0.0609130474
 176  0.051840204
 177  0.0472009047
 178  0.0441526187
 179  0.037109828
 180  0.0352469118
 181  0.0324373892
 182  0.030074343
 183  0.0299335884
 184  0.0292905993
 185  0.0329121637
 186  0.0326321212
 187  0.039962868
 188  0.0455352046
 189  0.0543546625
 190  0.0604659985
 191  0.0610371017
 192  0.0679591007
 193  0.0704160749
 194  0.0641107691
 195  0.0571905216
 196  0.0587373356
 197  0.0581415896
 198  0.0528209526
 199  0.0511871521
 200  0.0439051248
 201  0.0416121718
 202  0.0363549357
 203  0.039335237
 204  0.0353809201
 205  0.0367415453
 206  0.0374283794
 207  0.0394657234
 208  0.0477008022
 209  0.042488029
 210  0.0366441149
 211  0.0360903797
 212  0.0357916618
 213  0.0366057813
 214  0.0351712457
 215  0.0370551825
 216  0.0355111063
 217  0.0350981713
 218  0.033223917
 219  0.0353546818
 220  0.041020092
 221  0.0443436202
 222  0.045484972
 223  0.0442765239
 224  0.0437613995
 225  0.0417263772
 226  0.0411305969
 227  0.0392052524
 228  0.0403436107
 229  0.0408737175
 230  0.0428539245
 231  0.0442600456
 232  0.0493192292
 233  0.0487276488
 234  0.0558510798
 235  0.0543335917
 236  0.0471037233
 237  0.0466039844
 238  0.0411036885
 239  0.0426576806
 240  0.0402881532
 241  0.0458051404
 242  0.0436002418
 243  0.0490309203
 244  0.0501826929
 245  0.051651535
 246  0.0524206736
 247  0.0531889208
 248  0.0575741974
 249  0.0603054538
 250  0.049375124
 251  0.0458597195
 252  0.035172071
 253  0.0338435028
 254  0.0360521159
 255  0.0320879313
 256  0.0275571462
 257  0.0274456107
 258  0.0278544129
 259  0.0225303396
 260  0.0284771005
 261  0.0261841107
 262  0.0264542024
 263  0.0249292405
 264  0.0305966987
 265  0.0386706626
 266  0.0368086199
 267  0.0425972633
 268  0.0486742397
 269  0.0495028128
 270  0.0609152625
 271  0.0734916758
 272  0.0811709448
 273  0.0617872192
 274  0.0604716358
 275  0.0518301999
 276  0.0517747131
 277  0.0448695416
 278  0.0521510712
 279  0.0619136118
 280  0.0576776106
 281  0.0591762129
 282  0.0650921819
 283  0.0642640582
 284  0.0509950246
 285  0.0429213641
 286  0.0365418163
 287  0.027903077
 288  0.0268912543
 289  0.0219262877
 290  0.0193585446
 291  0.0175615029
 292  0.0190375648
 293  0.0208618474
 294  0.0233007609
 295  0.0235456812
 296  0.0240551643
 297  0.0236386731
 298  0.0217569467
 299  0.0204855158
 300  0.0191900749
 301  0.0233899723
 302  0.0275663857
 303  0.0324406966
 304  0.0366111645
 305  0.0353512771
 306  0.0454987239
 307  0.0507823471
 308  0.0564401173
 309  0.0604542728
 310  0.0541459712
 311  0.0435085613
 312  0.0388358584
 313  0.0370773436
 314  0.0347665052
 315  0.0347977749
 316  0.0318621974
 317  0.0304987387
 318  0.0290186027
 319  0.0270106026
 320  0.0264068473
 321  0.0277788887
 322  0.0283965597
 323  0.0291790955
 324  0.0339587589
 325  0.0365074287
 326  0.0401656953
 327  0.0341424627
 328  0.0343489951
 329  0.0301906617
 330  0.0349839847
 331  0.041659825
 332  0.0388741929
 333  0.0404979114
 334  0.0336419176
 335  0.0352421083
 336  0.0343804045
 337  0.0284140502
 338  0.033884559
 339  0.0363072089
 340  0.0319587751
 341  0.0319877789
 342  0.028667154
 343  0.0305692775
 344  0.0341326842
 345  0.0396999675
 346  0.0441196084
 347  0.0436123192
 348  0.0435465237
 349  0.0467359022
 350  0.0451840334
 351  0.0371491109
 352  0.0302689912
 353  0.0240302355
 354  0.0188068495
 355  0.0167869936
 356  0.0176920935
 357  0.0183311731
 358  0.0233581894
 359  0.029230136
 360  0.0339255432
 361  0.0391806266
 362  0.0455249714
 363  0.0515391399
 364  0.0421228739
 365  0.0355725808
 366  0.0312884188
 367  0.0296869984
 368  0.0237450258
 369  0.0192467711
 370  0.0167194841
 371  0.0159714972
 372  0.019252357
 373  0.02138818
 374  0.0281829335
 375  0.0288433005
 376  0.0418039435
 377  0.0517900062
 378  0.0619140784
 379  0.0719533841
 380  0.0765148713
 381  0.069981904
 382  0.0733189744
 383  0.0615053314
 384  0.0570512035
 385  0.0530775844
 386  0.0459809776
 387  0.0431777344
 388  0.0390108139
 389  0.036275932
 390  0.03678343
 391  0.0362762581
 392  0.039746452
 393  0.0341712209
 394  0.0415154363
 395  0.0458272972
 396  0.0559253849
 397  0.0618463863
 398  0.0616457105
 399  0.0693767568
 400  0.0715345024
 401  0.0624646762
 402  0.0558195139
 403  0.0573790531
 404  0.0562409371
 405  0.0508313503
 406  0.049385146
 407  0.0424447146
 408  0.0415010127
 409  0.0376890318
 410  0.044997847
 411  0.0420678155
 412  0.0451015526
 413  0.0462274597
 414  0.0561084891
 415  0.0619033835
 416  0.0584487507
 417  0.0528151802
 418  0.0575791132
 419  0.0579170319
 420  0.0562515477
 421  0.0519867248
 422  0.0503720401
 423  0.0449334359
 424  0.0408708957
 425  0.0388380606
 426  0.0378098637
 427  0.0410274748
 428  0.049536664
 429  0.0540185984
 430  0.0570621225
 431  0.0597407918
 432  0.0596153619
 433  0.0618107675
 434  0.060498656
 435  0.0613619556
 436  0.0578937714
 437  0.0566012467
 438  0.0541145833
 439  0.059287489
 440  0.0596586401
 441  0.0703995159
 442  0.0678732755
 443  0.058927139
 444  0.0574680713
 445  0.0502616979
 446  0.0536022046
 447  0.0550315174
 448  0.064664154
 449  0.0624966664
 450  0.06930674
 451  0.0688563114
 452  0.0711506053
 453  0.0693513535
 454  0.0678074847
 455  0.0733603206
 456  0.0760172618
 457  0.0620049254
 458  0.0558354088
 459  0.0445790332
 460  0.043996815
 461  0.050032637
 462  0.0430896905
 463  0.0380788527
 464  0.0389262583
 465  0.0388986344
 466  0.0318081096
 467  0.0449778194
 468  0.03837978
 469  0.037230974
 470  0.0295832748
 471  0.0363242101
 472  0.0488703428
 473  0.0455007151
 474  0.0559946629
 475  0.0642429648
 476  0.0683398454
 477  0.08754808
 478  0.100797709
 479  0.116046205
 480  0.0843498419
 481  0.0805029721
 482  0.0668238622
 483  0.0646001686
 484  0.0546500462
 485  0.0635410486
 486  0.0775732432
 487  0.0728653354
 488  0.0756853181
 489  0.0854284679
 490  0.0852843959
 491  0.0665119724
 492  0.0558285644
 493  0.048519141
 494  0.039083298
 495  0.03674533
 496  0.0309257425
 497  0.0258069161
 498  0.0255734448
 499  0.0246483383
 500  0.0265290347
 501  0.0278943011
 502  0.0255590936
 503  0.0244832423
 504  0.025175445
 505  0.0235988462
 506  0.0261279417
 507  0.0243908019
 508  0.0338424653
 509  0.0393127434
 510  0.0499225771
 511  0.0524442103
 512  0.0507594903
 513  0.0632763398
 514  0.0709133238
 515  0.0795947419
 516  0.0867793004
 517  0.0769774803
 518  0.0631829112
 519  0.0553060256
 520  0.0555137106
 521  0.0529102004
 522  0.0508671688
 523  0.0472030546
 524  0.0408495226
 525  0.0389310676
 526  0.0314675225
 527  0.0308015806
 528  0.0274185906
 529  0.0280358796
 530  0.0315659849
 531  0.0359437095
 532  0.0412630654
 533  0.0465388858
 534  0.0401261577
 535  0.041884257
 536  0.0377788807
 537  0.0433323172
 538  0.0508717887
 539  0.0484627128
 540  0.0486630458
 541  0.040003576
 542  0.0406961784
 543  0.0418430853
 544  0.0353139853
 545  0.0439534069
 546  0.0495968646
 547  0.047763157
 548  0.0492245361
 549  0.0445385335
 550  0.0453642627
 551  0.0478019032
 552  0.0533506957
 553  0.0579661872
 554  0.0551146693
 555  0.0515553914
 556  0.0563611403
 557  0.0562999761
 558  0.0469272032
 559  0.0407433706
 560  0.0350295848
 561  0.0294787922
 562  0.030728735
 563  0.0304575556
 564  0.0293517906
 565  0.0313081729
 566  0.0369084692
 567  0.0405676279
 568  0.0460765468
 569  0.0532357191
 570  0.0593956696
 571  0.0519905397
 572  0.0487368321
 573  0.0393206479
 574  0.0381762285
 575  0.0322932944
 576  0.0291053277
 577  0.0270940759
 578  0.0264019389
 579  0.0276064753
 580  0.0305144998
 581  0.0374748153
 582  0.0359905509
 583  0.0524574609
 584  0.0664522568
 585  0.0807836191
 586  0.0937803442
 587  0.0981757882
 588  0.089624032
 589  0.0955987235
 590  0.0804082399
 591  0.074831755
 592  0.0709792632
 593  0.0625216809
 594  0.0593566157
 595  0.0561797613
 596  0.0519706834
 597  0.0524491256
 598  0.0513122474
 599  0.0537777748
 600  0.0430450702
 601  0.0529789086
 602  0.060764895
 603  0.0723355744
 604  0.0830425317
 605  0.0824145018
 606  0.0921108807
 607  0.0921376046
 608  0.0820265984
 609  0.0744514952
 610  0.0766180781
 611  0.0769334165
 612  0.069342837
 613  0.0666416232
 614  0.055496298
 615  0.0512621155
 616  0.0448612433
 617  0.0565060136
 618  0.0562980762
 619  0.0599665734
 620  0.0626914983
 621  0.0815456987
 622  0.0465494239
 623  0.0453903361
 624  0.0448758426
 625  0.0527833849
 626  0.0579478792
 627  0.0582851707
 628  0.0553628717
 629  0.0547847556
 630  0.0475498441
 631  0.0414447774
 632  0.0381782598
 633  0.0349012915
 634  0.0381760457
 635  0.0488546019
 636  0.0563444024
 637  0.0599358321
 638  0.0644807059
 639  0.0617882967
 640  0.0634889666
 641  0.0590602788
 642  0.0576076058
 643  0.051092573
 644  0.0468969864
 645  0.0454808573
 646  0.0508478436
 647  0.0521681466
 648  0.0631544407
 649  0.0625235949
 650  0.0568612865
 651  0.0555751139
 652  0.0452077133
 653  0.0492636805
 654  0.0510179246
 655  0.0614737303
 656  0.0613457799
 657  0.070166151
 658  0.0707251895
 659  0.0749994071
 660  0.0735372204
 661  0.0703206023
 662  0.0737484753
 663  0.0757255731
 664  0.0618944274
 665  0.0532584434
 666  0.04283629
 667  0.0425511908
 668  0.0505945048
 669  0.0445613376
 670  0.0387012333
 671  0.0458359919
 672  0.046713837
 673  0.0402690515
 674  0.0608630304
 675  0.0461923687
 676  0.0462337664
 677  0.0304480436
 678  0.0360473631
 679  0.045142242
 680  0.0420516692
 681  0.0584638095
 682  0.0627409549
 683  0.0672104507
 684  0.0930593262
 685  0.106396008
 686  0.137377721
 687  0.0925505319
 688  0.0858954376
 689  0.0668459659
 690  0.0672176179
 691  0.0532609091
 692  0.0598859491
 693  0.0763652936
 694  0.0722844958
 695  0.0709189216
 696  0.0796831429
 697  0.0838854557
 698  0.0647413363
 699  0.0556739878
 700  0.0517053865
 701  0.0438926663
 702  0.0418274636
 703  0.0337660551
 704  0.0277103492
 705  0.0276058035
 706  0.0264209612
 707  0.0280300985
 708  0.0289293839
 709  0.0260227489
 710  0.0244302816
 711  0.0250338137
 712  0.0236428809
 713  0.026474696
 714  0.025490224
 715  0.0409500944
 716  0.0500214598
 717  0.0633888307
 718  0.0596294976
 719  0.0500187396
 720  0.0589445584
 721  0.0615167362
 722  0.0676897243
 723  0.0681240208
 724  0.0573354135
 725  0.0491394619
 726  0.0466517945
 727  0.0515701677
 728  0.0583028861
 729  0.0557734291
 730  0.0525048807
 731  0.0458082561
 732  0.0430115108
 733  0.0324489353
 734  0.0304066
 735  0.0261424204
 736  0.026443864
 737  0.0297077189
 738  0.0336978681
 739  0.0390207348
 740  0.0448420257
 741  0.0378756223
 742  0.0400618424
 743  0.0354392252
 744  0.0411322649
 745  0.0499548392
 746  0.0476201229
 747  0.0481587121
 748  0.039326222
 749  0.042161577
 750  0.0447627024
 751  0.0388956602
 752  0.0504351087
 753  0.0593434221
 754  0.0578778862
 755  0.0614691268
 756  0.0562343494
 757  0.0570427554
 758  0.0597959352
 759  0.0670040707
 760  0.0696815369
 761  0.0675949161
 762  0.0596281433
 763  0.0650795273
 764  0.0661343707
 765  0.0560086688
 766  0.055583615
 767  0.0486970096
 768  0.041424554
 769  0.0428244154
 770  0.0356322625
 771  0.0320027442
 772  0.0340872345
 773  0.0390634978
 774  0.0430293276
 775  0.0461472745
 776  0.0523309558
 777  0.0561960355
 778  0.0515393101
 779  0.0448966103
 780  0.0390799166
 781  0.0388432936
 782  0.0334793923
 783  0.0318535763
 784  0.0310633131
 785  0.0324570202
 786  0.03428443
 787  0.0373272243
 788  0.0446630798
 789  0.0406407309
 790  0.0567563219
 791  0.0693310206
 792  0.0842032661
 793  0.0981410046
 794  0.105343262
 795  0.094535166
 796  0.103507241
 797  0.087894008
 798  0.0837934909
 799  0.0818543879
 800  0.0760713368
 801  0.0721754627
 802  0.0672600871
 803  0.0622274151
 804  0.0634817639
 805  0.0632922279
 806  0.0655393758
 807  0.0472025115
 808  0.0562357664
 809  0.0617376575
 810  0.0711345197
 811  0.081111225
 812  0.0812883558
 813  0.0922618775
 814  0.0897200972
 815  0.0801116293
 816  0.0720317803
 817  0.0766469592
 818  0.0768527053
 819  0.0673638752
 820  0.0639091155
 821  0.055143708
 822  0.050863234
 823  0.0463978213
 824  0.0605868907
 825  0.0610476517
 826  0.0660168323
 827  0.0700134589
 828  0.102143625
