 1  1.10528201
 2  1.05393591
 3  0.936955573
 4  0.910798103
 5  0.836844215
 6  0.811013601
 7  0.731778114
 8  0.728406735
 9  0.685742009
 10  0.670000222
 11  0.695571069
 12  0.726950321
 13  0.694832826
 14  0.806463352
 15  0.824641126
 16  0.857515883
 17  0.862079823
 18  0.884588895
 19  0.908642082
 20  0.922708373
 21  0.980297775
 22  0.994107728
 23  1.01667905
 24  0.972187919
 25  0.988342005
 26  0.950592982
 27  0.996986519
 28  0.95005807
 29  0.832717678
 30  0.867491351
 31  0.894295959
 32  0.945806256
 33  0.944529719
 34  1.03551515
 35  0.978453555
 36  1.03724879
 37  1.02335704
 38  1.03505126
 39  1.00979127
 40  1.00980709
 41  1.09778153
 42  1.1351123
 43  0.940596725
 44  0.883259848
 45  0.72319371
 46  0.695128692
 47  0.684038736
 48  0.619483817
 49  0.561257574
 50  0.566153528
 51  0.570364024
 52  0.491879824
 53  0.507808475
 54  0.581430813
 55  0.487818981
 56  0.604682146
 57  0.678743598
 58  0.824187155
 59  0.79696088
 60  0.773629297
 61  0.864912933
 62  0.910244725
 63  0.98326265
 64  1.08825998
 65  1.07687222
 66  0.958057254
 67  1.00539095
 68  0.931786829
 69  0.896418753
 70  0.85414499
 71  0.984415436
 72  1.10612454
 73  1.07165781
 74  1.13491527
 75  1.25057062
 76  1.21062143
 77  0.989916626
 78  0.844497593
 79  0.697637197
 80  0.579727759
 81  0.606762436
 82  0.59570551
 83  0.588212527
 84  0.563378753
 85  0.55992377
 86  0.562502722
 87  0.571113491
 88  0.580097236
 89  0.615546009
 90  0.609347977
 91  0.606991033
 92  0.601611913
 93  0.584628524
 94  0.578140479
 95  0.615141393
 96  0.620617383
 97  0.728558801
 98  0.782631187
 99  0.985255438
 100  1.09632064
 101  1.22011615
 102  1.33283357
 103  1.23909902
 104  1.09238629
 105  0.970138097
 106  0.912084723
 107  0.764816151
 108  0.743579044
 109  0.651815599
 110  0.629510377
 111  0.606144139
 112  0.600408916
 113  0.605942026
 114  0.631435622
 115  0.650298313
 116  0.687167236
 117  0.731401058
 118  0.778657188
 119  0.840816989
 120  0.736024271
 121  0.719823945
 122  0.655464343
 123  0.739724765
 124  0.857631006
 125  0.808913216
 126  0.824434484
 127  0.689607969
 128  0.70394027
 129  0.668711367
 130  0.569639043
 131  0.595265776
 132  0.595605236
 133  0.506150338
 134  0.476192261
 135  0.454086609
 136  0.479314051
 137  0.544564624
 138  0.623485124
 139  0.695674727
 140  0.7366291
 141  0.744123151
 142  0.832634059
 143  0.796834226
 144  0.653413451
 145  0.579076236
 146  0.505601876
 147  0.452163211
 148  0.41640187
 149  0.41085303
 150  0.444348127
 151  0.527809686
 152  0.596751805
 153  0.673169857
 154  0.754075081
 155  0.877091832
 156  0.983497004
 157  0.859612454
 158  0.768141138
 159  0.657271661
 160  0.652545851
 161  0.527635135
 162  0.494774736
 163  0.472430086
 164  0.485640849
 165  0.516007961
 166  0.522923332
 167  0.586846632
 168  0.577567286
 169  0.771960675
 170  0.945244512
 171  1.13644931
 172  1.29132825
 173  1.3052498
 174  1.19276031
 175  1.18043337
 176  0.996993969
 177  0.892165981
 178  0.814566214
 179  0.665933491
 180  0.619848818
 181  0.571210013
 182  0.566069279
 183  0.568308486
 184  0.58045878
 185  0.667605873
 186  0.682284614
 187  0.834296941
 188  0.957870774
 189  1.12182579
 190  1.24795144
 191  1.2367464
 192  1.35173062
 193  1.39775273
 194  1.25919108
 195  1.13249462
 196  1.14210914
 197  1.15143623
 198  1.07642707
 199  1.06286864
 200  0.909957619
 201  0.863799859
 202  0.740782104
 203  0.765562931
 204  0.692628721
 205  0.725343623
 206  0.726426025
 207  0.744590836
 208  1.15163319
 209  1.05435826
 210  0.909792278
 211  0.854455711
 212  0.76637066
 213  0.730429506
 214  0.65326085
 215  0.675830395
 216  0.647881653
 217  0.662546592
 218  0.680487266
 219  0.722509434
 220  0.715544151
 221  0.813307209
 222  0.837806217
 223  0.842107132
 224  0.816005664
 225  0.828249003
 226  0.839593561
 227  0.860460676
 228  0.925254599
 229  0.959081854
 230  1.00622313
 231  0.994253905
 232  1.04933548
 233  1.02430381
 234  1.11912708
 235  1.05871548
 236  0.898686423
 237  0.908347777
 238  0.904279256
 239  0.936450416
 240  0.917752465
 241  1.01272771
 242  0.940458443
 243  1.01498259
 244  1.00900547
 245  1.00627126
 246  0.992583126
 247  1.02362109
 248  1.13778605
 249  1.21671779
 250  0.996174464
 251  0.960767116
 252  0.776517262
 253  0.737919184
 254  0.692566551
 255  0.631205814
 256  0.565608404
 257  0.537601095
 258  0.540926092
 259  0.445278503
 260  0.44575942
 261  0.517608459
 262  0.489003643
 263  0.59189176
 264  0.708097519
 265  0.879421932
 266  0.830197049
 267  0.843578556
 268  0.977171996
 269  1.04828918
 270  1.16090679
 271  1.29502957
 272  1.29271122
 273  1.13233358
 274  1.16840316
 275  1.06062054
 276  1.01534413
 277  0.930416955
 278  1.07967172
 279  1.24766158
 280  1.18798079
 281  1.24719798
 282  1.38706651
 283  1.34769757
 284  1.0695336
 285  0.906710965
 286  0.726400545
 287  0.560465867
 288  0.571581793
 289  0.515774509
 290  0.513568471
 291  0.486696882
 292  0.551000735
 293  0.589233956
 294  0.653963591
 295  0.650923329
 296  0.669893203
 297  0.62718022
 298  0.583642398
 299  0.530175903
 300  0.513602698
 301  0.502572818
 302  0.561153731
 303  0.577435884
 304  0.731773123
 305  0.782306386
 306  1.02052778
 307  1.14536687
 308  1.28659856
 309  1.42413364
 310  1.30331196
 311  1.11178986
 312  0.97406846
 313  0.885397321
 314  0.714548079
 315  0.703388697
 316  0.58882635
 317  0.572758114
 318  0.534721681
 319  0.554702024
 320  0.575196739
 321  0.620244426
 322  0.677169552
 323  0.70756676
 324  0.817424539
 325  0.871706346
 326  0.965695823
 327  0.841497562
 328  0.817807867
 329  0.724744025
 330  0.821190939
 331  0.966782555
 332  0.878898969
 333  0.926446622
 334  0.775036531
 335  0.792610324
 336  0.739835312
 337  0.619638617
 338  0.651181913
 339  0.644691926
 340  0.538787685
 341  0.513745352
 342  0.485277672
 343  0.544872977
 344  0.612810384
 345  0.720645114
 346  0.82106641
 347  0.853710642
 348  0.89665603
 349  0.982041261
 350  0.918165543
 351  0.744497016
 352  0.645084639
 353  0.537239024
 354  0.476295939
 355  0.416296167
 356  0.442914359
 357  0.470895079
 358  0.582438362
 359  0.665920076
 360  0.765512121
 361  0.876072133
 362  1.04062927
 363  1.15960815
 364  0.954960506
 365  0.802030336
 366  0.727197418
 367  0.713798493
 368  0.608836355
 369  0.529041181
 370  0.486059216
 371  0.438215077
 372  0.495700657
 373  0.491783282
 374  0.60298474
 375  0.614866801
 376  0.858318486
 377  1.06155914
 378  1.290847
 379  1.49861436
 380  1.57005489
 381  1.3938629
 382  1.3869306
 383  1.17051672
 384  1.05502839
 385  0.963882522
 386  0.796125847
 387  0.725945822
 388  0.655186768
 389  0.634869898
 390  0.626492765
 391  0.619698879
 392  0.707735338
 393  0.696980467
 394  0.863712484
 395  0.98196889
 396  1.18130933
 397  1.33019071
 398  1.30866826
 399  1.46162224
 400  1.51850789
 401  1.31987794
 402  1.17397644
 403  1.18170451
 404  1.17674559
 405  1.08862615
 406  1.07460865
 407  0.89870873
 408  0.865291829
 409  0.750647364
 410  0.803472005
 411  0.745696034
 412  0.819038525
 413  0.842260824
 414  0.877486982
 415  1.36661006
 416  1.28411631
 417  1.13820899
 418  1.1093617
 419  1.0175106
 420  0.965596835
 421  0.863796338
 422  0.860508668
 423  0.802937946
 424  0.779158414
 425  0.805881687
 426  0.820370901
 427  0.784957176
 428  0.946112762
 429  0.988148692
 430  1.04288947
 431  1.03736009
 432  1.06524491
 433  1.10064764
 434  1.12784089
 435  1.18742476
 436  1.18710257
 437  1.19141165
 438  1.13132374
 439  1.17740322
 440  1.17539433
 441  1.30682671
 442  1.21663609
 443  1.02721632
 444  1.02146018
 445  1.03151545
 446  1.07479593
 447  1.11131633
 448  1.25220458
 449  1.18461994
 450  1.28224566
 451  1.26358719
 452  1.27623803
 453  1.23356058
 454  1.24313005
 455  1.37000586
 456  1.4618834
 457  1.21474197
 458  1.16641635
 459  0.968237837
 460  0.92068649
 461  0.875494896
 462  0.791204586
 463  0.738928648
 464  0.69717113
 465  0.697933318
 466  0.607774651
 467  0.598500615
 468  0.655454331
 469  0.699036567
 470  0.682098707
 471  0.81098802
 472  1.02107621
 473  0.943211331
 474  0.994537642
 475  1.17137081
 476  1.27746876
 477  1.43683552
 478  1.57446506
 479  1.59132546
 480  1.38051511
 481  1.40758418
 482  1.24425884
 483  1.17344519
 484  1.04724796
 485  1.21420744
 486  1.4275717
 487  1.35455711
 488  1.4287536
 489  1.61387755
 490  1.57859502
 491  1.23549551
 492  1.05884046
 493  0.867963111
 494  0.695510748
 495  0.686707814
 496  0.642027488
 497  0.637953425
 498  0.646594056
 499  0.720235512
 500  0.75217301
 501  0.803499991
 502  0.753042345
 503  0.733244389
 504  0.710807806
 505  0.654526655
 506  0.627273558
 507  0.600999279
 508  0.617920803
 509  0.669106736
 510  0.740919648
 511  0.894195706
 512  0.966835476
 513  1.24736409
 514  1.41222373
 515  1.5758199
 516  1.76541321
 517  1.61290663
 518  1.37957757
 519  1.20273979
 520  1.11943728
 521  0.924988877
 522  0.897913222
 523  0.772058885
 524  0.699362874
 525  0.662492916
 526  0.637720531
 527  0.668766664
 528  0.651494798
 529  0.717035515
 530  0.817959174
 531  0.92684163
 532  1.00632726
 533  1.14231395
 534  1.01380983
 535  0.999954588
 536  0.907840753
 537  1.00876158
 538  1.17599368
 539  1.06868066
 540  1.10564768
 541  0.917953788
 542  0.932434378
 543  0.902055946
 544  0.804714633
 545  0.861981792
 546  0.875991699
 547  0.824820649
 548  0.828790749
 549  0.787972971
 550  0.822929732
 551  0.868997007
 552  0.952968587
 553  1.03243002
 554  1.04242122
 555  1.00429523
 556  1.12724925
 557  1.07696016
 558  0.912423215
 559  0.852150849
 560  0.78243606
 561  0.750719563
 562  0.728990025
 563  0.752910706
 564  0.754153948
 565  0.824590103
 566  0.856040622
 567  0.942596982
 568  1.02691442
 569  1.22102618
 570  1.31834795
 571  1.14057069
 572  1.02913661
 573  0.900113058
 574  0.910003147
 575  0.81724543
 576  0.770106619
 577  0.753217322
 578  0.67927971
 579  0.695624342
 580  0.658551062
 581  0.742821171
 582  0.738138275
 583  0.986397297
 584  1.22033739
 585  1.49885978
 586  1.75029304
 587  1.82869751
 588  1.6373002
 589  1.68764845
 590  1.42373791
 591  1.30375271
 592  1.23152846
 593  1.05920062
 594  0.985496426
 595  0.952550481
 596  0.887566329
 597  0.890147899
 598  0.816342184
 599  0.879597601
 600  0.82748021
 601  1.01306451
 602  1.17242264
 603  1.40443835
 604  1.63144658
 605  1.60452781
 606  1.80280255
 607  1.87264484
 608  1.63413398
 609  1.44255603
 610  1.44873421
 611  1.45939017
 612  1.33904596
 613  1.30230854
 614  1.06847779
 615  0.992568313
 616  0.858025795
 617  0.925062914
 618  0.897630118
 619  1.02002765
 620  1.07782891
 621  1.16108903
 622  1.40684182
 623  1.35544088
 624  1.23881871
 625  1.2527848
 626  1.17614911
 627  1.13355156
 628  0.991795149
 629  1.0011858
 630  0.90106874
 631  0.866503996
 632  0.883767068
 633  0.875200921
 634  0.831364468
 635  1.04537294
 636  1.11438949
 637  1.19425322
 638  1.20205712
 639  1.22232702
 640  1.26850823
 641  1.27538676
 642  1.33011699
 643  1.28815428
 644  1.25977919
 645  1.17477634
 646  1.1831371
 647  1.18495045
 648  1.28439892
 649  1.18985169
 650  1.03036026
 651  1.05459177
 652  1.10119455
 653  1.17010893
 654  1.2226457
 655  1.40183626
 656  1.34249989
 657  1.4638537
 658  1.44545976
 659  1.47397926
 660  1.41684543
 661  1.41756054
 662  1.54341503
 663  1.65223613
 664  1.38602695
 665  1.33533113
 666  1.11596783
 667  1.06634706
 668  0.999104841
 669  0.912585793
 670  0.865490893
 671  0.811285767
 672  0.810079829
 673  0.70455846
 674  0.715598564
 675  0.766290962
 676  0.784988102
 677  0.784151565
 678  0.905823194
 679  1.09470093
 680  0.979313804
 681  1.02549768
 682  1.17081957
 683  1.31115491
 684  1.45454977
 685  1.59422677
 686  1.65178406
 687  1.46275741
 688  1.49992656
 689  1.32364189
 690  1.29510665
 691  1.15479095
 692  1.31366715
 693  1.56013885
 694  1.53197108
 695  1.58852989
 696  1.80095985
 697  1.81577082
 698  1.41584072
 699  1.22574643
 700  1.00320339
 701  0.804138969
 702  0.780274402
 703  0.713733952
 704  0.734561364
 705  0.735556217
 706  0.877294948
 707  0.902474439
 708  0.988791127
 709  0.92011287
 710  0.894184686
 711  0.838686201
 712  0.770016363
 713  0.696495611
 714  0.678759054
 715  0.689691244
 716  0.750694493
 717  0.853088253
 718  1.04804363
 719  1.09643067
 720  1.41130997
 721  1.55980032
 722  1.75620722
 723  1.90160383
 724  1.69103364
 725  1.48961149
 726  1.32436251
 727  1.26883344
 728  1.05187749
 729  1.06416333
 730  0.897751392
 731  0.811602072
 732  0.730768361
 733  0.715018401
 734  0.736764441
 735  0.729073752
 736  0.822871831
 737  0.929545733
 738  1.06698892
 739  1.13560626
 740  1.32348824
 741  1.17616623
 742  1.17513699
 743  1.05316336
 744  1.15981455
 745  1.39318395
 746  1.26714572
 747  1.330699
 748  1.08038706
 749  1.10870222
 750  1.06167448
 751  0.946422785
 752  1.00107305
 753  1.00205348
 754  0.931663057
 755  0.940180278
 756  0.90231112
 757  0.95974287
 758  1.00484909
 759  1.11607782
 760  1.20169385
 761  1.20740324
 762  1.19261208
 763  1.33787005
 764  1.28611822
 765  1.08671467
 766  1.01849894
 767  0.925614058
 768  0.892039435
 769  0.842059098
 770  0.875397867
 771  0.869325682
 772  0.975056197
 773  1.01480043
 774  1.122826
 775  1.21244095
 776  1.4323424
 777  1.58813577
 778  1.3583401
 779  1.14376404
 780  1.06647563
 781  1.07950023
 782  0.990043405
 783  0.909720586
 784  0.90549738
 785  0.795487744
 786  0.832363461
 787  0.780696743
 788  0.888080269
 789  0.882815384
 790  1.18378365
 791  1.43377345
 792  1.77922194
 793  2.06092809
 794  2.1385986
 795  1.85947888
 796  1.8653638
 797  1.59115932
 798  1.44772183
 799  1.38824171
 800  1.21669032
 801  1.12165846
 802  1.07214302
 803  0.978225436
 804  0.972414532
 805  0.895423416
 806  0.98133811
 807  0.930534002
 808  1.16008159
 809  1.34169612
 810  1.61098456
 811  1.86646935
 812  1.84550555
 813  2.08749502
 814  2.18056793
 815  1.88739134
 816  1.64158968
 817  1.65376781
 818  1.66359379
 819  1.51477618
 820  1.46396923
 821  1.20297099
 822  1.09978768
 823  0.933566491
 824  0.983056776
 825  0.94021032
 826  1.06129901
 827  1.15175101
 828  1.25271416
