 1  0.049065601
 2  0.049001636
 3  0.0461686027
 4  0.0474001271
 5  0.0444750487
 6  0.0446332503
 7  0.0376082726
 8  0.0376245729
 9  0.0342119472
 10  0.0361379238
 11  0.0364630935
 12  0.0404003905
 13  0.0404308572
 14  0.0383839289
 15  0.0371969967
 16  0.0355871019
 17  0.0414882214
 18  0.0416118886
 19  0.0456753441
 20  0.04553616
 21  0.0477280769
 22  0.0469162379
 23  0.0471897762
 24  0.0461480669
 25  0.046418042
 26  0.0446387423
 27  0.0470303161
 28  0.0470968042
 29  0.0426841298
 30  0.0425142095
 31  0.0428470858
 32  0.0437378193
 33  0.0442118769
 34  0.045985389
 35  0.0446836289
 36  0.0464855145
 37  0.0451333383
 38  0.0490937051
 39  0.0472405158
 40  0.0421435622
 41  0.0440525475
 42  0.0440567702
 43  0.0362172396
 44  0.0334044742
 45  0.0306644939
 46  0.0293824208
 47  0.0308254409
 48  0.0280308987
 49  0.0255769161
 50  0.0255230555
 51  0.0285358183
 52  0.0284576987
 53  0.0268511938
 54  0.0323790528
 55  0.0258339292
 56  0.035514316
 57  0.0326353082
 58  0.0349769554
 59  0.036285415
 60  0.0356020095
 61  0.0399468098
 62  0.0397452143
 63  0.0435829318
 64  0.0483351269
 65  0.0456285021
 66  0.0390824348
 67  0.0370961128
 68  0.0372848503
 69  0.0368249047
 70  0.0365706044
 71  0.0412275385
 72  0.0408451306
 73  0.0401373398
 74  0.0441845364
 75  0.0475868843
 76  0.0447355262
 77  0.0410005734
 78  0.0343946923
 79  0.0309431877
 80  0.0289385154
 81  0.0296633257
 82  0.0300367636
 83  0.0308494886
 84  0.0303451727
 85  0.0312317947
 86  0.0295526734
 87  0.0295193016
 88  0.0309874632
 89  0.0331644049
 90  0.0343001388
 91  0.033675486
 92  0.0308384893
 93  0.0275751693
 94  0.0273682105
 95  0.0260691273
 96  0.0280209825
 97  0.0331939441
 98  0.0366747741
 99  0.0431957581
 100  0.0478012701
 101  0.0532329862
 102  0.0567310582
 103  0.0531009321
 104  0.0480427458
 105  0.0427209918
 106  0.0429122979
 107  0.0371911298
 108  0.0401577781
 109  0.0361507046
 110  0.0339519422
 111  0.0322332161
 112  0.0336318232
 113  0.0354287132
 114  0.0384536487
 115  0.0373881516
 116  0.0375515443
 117  0.0354761978
 118  0.0330109904
 119  0.0345195789
 120  0.0327150155
 121  0.0315441692
 122  0.0291239905
 123  0.0299165817
 124  0.0314337094
 125  0.0309145623
 126  0.0325040186
 127  0.0295412371
 128  0.0284568135
 129  0.0269834548
 130  0.0259674151
 131  0.0260250101
 132  0.0302416052
 133  0.0270648406
 134  0.0265661502
 135  0.0221427436
 136  0.0221446823
 137  0.0226915976
 138  0.025306178
 139  0.0264798279
 140  0.0260938899
 141  0.0254076787
 142  0.026503741
 143  0.0260804613
 144  0.0248796289
 145  0.0234917273
 146  0.0217647637
 147  0.020627397
 148  0.0192665673
 149  0.0223005191
 150  0.0218655267
 151  0.0244424505
 152  0.0258687818
 153  0.0269302068
 154  0.0302771647
 155  0.0325876865
 156  0.0367552253
 157  0.0333218616
 158  0.0344937915
 159  0.0293498538
 160  0.0284589755
 161  0.0249144521
 162  0.0250169668
 163  0.0268238567
 164  0.0286162383
 165  0.0297969265
 166  0.0302422225
 167  0.0286862261
 168  0.0280938554
 169  0.0275455989
 170  0.0346459213
 171  0.0382603159
 172  0.0399795594
 173  0.0383887347
 174  0.0377046792
 175  0.0388758424
 176  0.0335912478
 177  0.0332413675
 178  0.0320628841
 179  0.0272699895
 180  0.0255748579
 181  0.0276672519
 182  0.0267876964
 183  0.0304505909
 184  0.0298529803
 185  0.0321047243
 186  0.0317476334
 187  0.0370270942
 188  0.0376583022
 189  0.0451863673
 190  0.0465777624
 191  0.0471694163
 192  0.0499786125
 193  0.0522926719
 194  0.0471308761
 195  0.0440589648
 196  0.0461457892
 197  0.0468421028
 198  0.0442484737
 199  0.0446508041
 200  0.0410395823
 201  0.0412376009
 202  0.0398601685
 203  0.0403946462
 204  0.0366414873
 205  0.0394169638
 206  0.0352066982
 207  0.038683555
 208  0.0674700503
 209  0.0660515801
 210  0.0582332872
 211  0.0628022158
 212  0.0588565141
 213  0.0536903074
 214  0.0464090723
 215  0.0448486408
 216  0.0397746699
 217  0.0384670417
 218  0.0314605196
 219  0.0326589869
 220  0.0415789246
 221  0.0404014268
 222  0.0438857258
 223  0.0429193735
 224  0.0479277725
 225  0.0485773357
 226  0.0545393772
 227  0.0573259198
 228  0.0629289233
 229  0.0623567166
 230  0.0644021691
 231  0.0635431908
 232  0.0677908857
 233  0.0620365498
 234  0.0679091913
 235  0.0690245271
 236  0.0588004065
 237  0.0588714621
 238  0.0565573145
 239  0.0563814529
 240  0.0574029693
 241  0.0579264113
 242  0.0536478554
 243  0.0534201016
 244  0.0499600919
 245  0.0540452127
 246  0.0513839523
 247  0.0461721383
 248  0.0476904989
 249  0.0457767379
 250  0.0380864922
 251  0.0342012835
 252  0.0270606727
 253  0.0262333281
 254  0.0277482949
 255  0.0262078042
 256  0.0291242934
 257  0.0288979572
 258  0.0290343763
 259  0.0321955219
 260  0.0440970297
 261  0.0477298725
 262  0.0354495094
 263  0.038675225
 264  0.0373963843
 265  0.0441438286
 266  0.0476697524
 267  0.0494939844
 268  0.0563420569
 269  0.0539584277
 270  0.0619358556
 271  0.0753831648
 272  0.07393353
 273  0.0563085713
 274  0.0477395563
 275  0.0462105873
 276  0.0429542162
 277  0.042236622
 278  0.0494698003
 279  0.0481999535
 280  0.0453908726
 281  0.0527447231
 282  0.0586887227
 283  0.0548377496
 284  0.0491415446
 285  0.0434557746
 286  0.0444185081
 287  0.0344892763
 288  0.0355613319
 289  0.0327170366
 290  0.032775147
 291  0.028010341
 292  0.030914289
 293  0.0279466568
 294  0.0312287261
 295  0.0320014827
 296  0.0326748878
 297  0.0293650033
 298  0.031227541
 299  0.0277086802
 300  0.030396163
 301  0.0332810157
 302  0.0428688638
 303  0.0440825662
 304  0.0450611938
 305  0.0454518644
 306  0.0553821095
 307  0.0635327606
 308  0.0756853309
 309  0.082756073
 310  0.0777411342
 311  0.0671536315
 312  0.0569062422
 313  0.0597193586
 314  0.0532921476
 315  0.0515475266
 316  0.0442587821
 317  0.0430659002
 318  0.0357755186
 319  0.0345122867
 320  0.0299715576
 321  0.0310399263
 322  0.0326331357
 323  0.0292338327
 324  0.0306578741
 325  0.029312323
 326  0.0309885659
 327  0.0298907927
 328  0.0275158805
 329  0.0257420073
 330  0.0269060804
 331  0.0276499258
 332  0.0267335197
 333  0.0270313684
 334  0.0259988279
 335  0.0257325392
 336  0.0269036398
 337  0.0274468888
 338  0.0300094289
 339  0.0407787177
 340  0.039827049
 341  0.042299006
 342  0.0401587917
 343  0.039063392
 344  0.0374880977
 345  0.0406209544
 346  0.0414868758
 347  0.0455123244
 348  0.0425009398
 349  0.0389174481
 350  0.0390782896
 351  0.0379657615
 352  0.0414774388
 353  0.0331944728
 354  0.0340963712
 355  0.0374837921
 356  0.0315227255
 357  0.0266598355
 358  0.0262906639
 359  0.0269687681
 360  0.0267890064
 361  0.0270333055
 362  0.0284782047
 363  0.0347895593
 364  0.0274495894
 365  0.0273940607
 366  0.0284959275
 367  0.0287046307
 368  0.028748221
 369  0.0267926104
 370  0.0313474468
 371  0.029941063
 372  0.034861476
 373  0.0320278828
 374  0.0344742924
 375  0.0324744468
 376  0.0389221411
 377  0.0411901313
 378  0.0478720615
 379  0.0467190082
 380  0.0465572386
 381  0.0451855006
 382  0.0466128282
 383  0.0457850998
 384  0.0480073237
 385  0.0464678637
 386  0.0423943094
 387  0.0436093491
 388  0.0463752396
 389  0.0426846724
 390  0.0431912041
 391  0.0414811599
 392  0.0421363356
 393  0.0362788819
 394  0.0385604447
 395  0.0407496523
 396  0.051414155
 397  0.0538055844
 398  0.0516442872
 399  0.0548909351
 400  0.0527996838
 401  0.0461695444
 402  0.0449692471
 403  0.0502314651
 404  0.0533910752
 405  0.0499160327
 406  0.0532732183
 407  0.048115377
 408  0.0491076109
 409  0.046488733
 410  0.0506301983
 411  0.0472850704
 412  0.0498496504
 413  0.050922484
 414  0.0569659905
 415  0.059412425
 416  0.0576614229
 417  0.0537184921
 418  0.0551587055
 419  0.0575373405
 420  0.0581781064
 421  0.0520137757
 422  0.0533386554
 423  0.0449271323
 424  0.0408117514
 425  0.0356488497
 426  0.0368743034
 427  0.0400370268
 428  0.0409691777
 429  0.0488537587
 430  0.0474938122
 431  0.0528960306
 432  0.0494475266
 433  0.0530758204
 434  0.0541298294
 435  0.0564308467
 436  0.0568305466
 437  0.0578127476
 438  0.0554605732
 439  0.0570184858
 440  0.0571923127
 441  0.0643812364
 442  0.0652762308
 443  0.0582684616
 444  0.0526303173
 445  0.0507438171
 446  0.0528093442
 447  0.05277509
 448  0.0554968987
 449  0.0522786062
 450  0.0544091378
 451  0.0530365407
 452  0.0601030838
 453  0.0608396444
 454  0.0550695166
 455  0.055616551
 456  0.0562490707
 457  0.0446366503
 458  0.0375437577
 459  0.0310096253
 460  0.0308823987
 461  0.0338339385
 462  0.0304462342
 463  0.0296482996
 464  0.0360463958
 465  0.0392318277
 466  0.0585147742
 467  0.0658152993
 468  0.0473022227
 469  0.042336848
 470  0.0444208118
 471  0.0424170564
 472  0.0448072002
 473  0.0477228399
 474  0.0506558314
 475  0.0608534458
 476  0.0594362514
 477  0.0714775738
 478  0.0861521915
 479  0.0927987769
 480  0.0615908799
 481  0.0587050018
 482  0.0529459888
 483  0.0506778745
 484  0.0460254016
 485  0.0535364054
 486  0.0543260651
 487  0.0519102854
 488  0.0575810241
 489  0.0637882599
 490  0.0610206483
 491  0.0518712506
 492  0.0431607376
 493  0.0446824396
 494  0.0412628012
 495  0.0403329282
 496  0.0388793813
 497  0.0373812261
 498  0.0363490052
 499  0.0362267406
 500  0.0332277453
 501  0.0331660041
 502  0.0314420916
 503  0.0323258797
 504  0.0306941513
 505  0.0331362449
 506  0.0316403629
 507  0.032225012
 508  0.0403895538
 509  0.0551585041
 510  0.0708267393
 511  0.0579917685
 512  0.0469692792
 513  0.0540631908
 514  0.0565882557
 515  0.063595818
 516  0.0647619331
 517  0.0612263841
 518  0.0541746837
 519  0.0498950949
 520  0.0562748987
 521  0.0695964567
 522  0.0733097004
 523  0.0604486027
 524  0.0529824446
 525  0.0423704574
 526  0.0370511324
 527  0.0341360643
 528  0.0333349217
 529  0.0331733341
 530  0.0325440105
 531  0.0330619924
 532  0.0326343575
 533  0.0346158799
 534  0.0322750468
 535  0.0320701264
 536  0.029107008
 537  0.0305358107
 538  0.0331578589
 539  0.0325351906
 540  0.0343631194
 541  0.0328456207
 542  0.031952152
 543  0.0310804957
 544  0.0320337639
 545  0.0348825836
 546  0.0450929624
 547  0.04408498
 548  0.04642761
 549  0.0421153948
 550  0.0415680395
 551  0.0432058123
 552  0.0437186434
 553  0.0426683356
 554  0.0405685329
 555  0.040422288
 556  0.0388428309
 557  0.0420358581
 558  0.0406179172
 559  0.0445406149
 560  0.0430743432
 561  0.0375340049
 562  0.046808009
 563  0.038605877
 564  0.0333055276
 565  0.0312430486
 566  0.0305769375
 567  0.0309971367
 568  0.0341634946
 569  0.0379501266
 570  0.042747822
 571  0.0401156973
 572  0.0426519526
 573  0.0368280736
 574  0.0355393032
 575  0.0336962396
 576  0.0334059395
 577  0.0388899376
 578  0.0438192015
 579  0.0442549612
 580  0.0427271929
 581  0.0420928922
 582  0.0392214367
 583  0.0386166585
 584  0.046405815
 585  0.0539402639
 586  0.0579010175
 587  0.0565698725
 588  0.0542005204
 589  0.058421352
 590  0.0498001033
 591  0.0498593272
 592  0.0463812675
 593  0.0464753903
 594  0.0451945687
 595  0.0467225482
 596  0.043139339
 597  0.0479429177
 598  0.046770433
 599  0.0597376683
 600  0.0547965063
 601  0.048420788
 602  0.0475165568
 603  0.0570849908
 604  0.0599150969
 605  0.0592160874
 606  0.0627645858
 607  0.0644736165
 608  0.0566190788
 609  0.0521919115
 610  0.054839154
 611  0.0570246822
 612  0.0534220045
 613  0.0547942973
 614  0.0495220172
 615  0.0502693909
 616  0.0531528063
 617  0.0557615839
 618  0.0516520243
 619  0.0596642205
 620  0.0613333957
 621  0.0755212657
 622  0.101820078
 623  0.0951245929
 624  0.0766197859
 625  0.0820922654
 626  0.0745384786
 627  0.0643485056
 628  0.0547177484
 629  0.0500122649
 630  0.0467483619
 631  0.0474253815
 632  0.0432611951
 633  0.0468384361
 634  0.0504927394
 635  0.0492369943
 636  0.0503039246
 637  0.0469351651
 638  0.0503375177
 639  0.05259168
 640  0.0619980953
 641  0.0650296823
 642  0.0780506334
 643  0.0782362992
 644  0.0863987146
 645  0.0889050097
 646  0.101603421
 647  0.0961761184
 648  0.107946129
 649  0.10620146
 650  0.0873125865
 651  0.0829219518
 652  0.0741611183
 653  0.0686278167
 654  0.0659501671
 655  0.063985234
 656  0.0561783823
 657  0.0547596745
 658  0.0508027504
 659  0.0576361382
 660  0.0555458189
 661  0.049705869
 662  0.0476665395
 663  0.043816282
 664  0.0390518342
 665  0.0440482714
 666  0.0395842565
 667  0.0369921313
 668  0.0315136195
 669  0.0329987171
 670  0.0435943083
 671  0.0370059127
 672  0.0318010138
 673  0.0473362871
 674  0.0751279939
 675  0.070374511
 676  0.0509329092
 677  0.051076499
 678  0.0514264935
 679  0.0648253936
 680  0.0697893723
 681  0.0772412468
 682  0.0867974625
 683  0.0840050281
 684  0.101629693
 685  0.142691083
 686  0.145061917
 687  0.0899527442
 688  0.0638192642
 689  0.0622538358
 690  0.0560041791
 691  0.058428608
 692  0.0716938781
 693  0.068856099
 694  0.0628763082
 695  0.0758018169
 696  0.0870328422
 697  0.0781998541
 698  0.067430457
 699  0.0569759469
 700  0.0564345203
 701  0.0484130973
 702  0.0501476584
 703  0.048476649
 704  0.0503076941
 705  0.0428362871
 706  0.0503741473
 707  0.0461637782
 708  0.0521505263
 709  0.0510556982
 710  0.0519849087
 711  0.0438004552
 712  0.0474192235
 713  0.0405530986
 714  0.045404792
 715  0.0498625469
 716  0.0674697506
 717  0.0678444854
 718  0.0608156385
 719  0.0593310133
 720  0.078744442
 721  0.0960839074
 722  0.11743086
 723  0.129895587
 724  0.119352754
 725  0.0969453639
 726  0.0769123608
 727  0.0847633084
 728  0.0742223762
 729  0.0667743001
 730  0.0570114103
 731  0.053876213
 732  0.0480221889
 733  0.0470819248
 734  0.0441699482
 735  0.0430621511
 736  0.0476607584
 737  0.04331103
 738  0.0483470906
 739  0.0490267015
 740  0.052817607
 741  0.0479373809
 742  0.0440727059
 743  0.040536645
 744  0.0447422333
 745  0.0469552423
 746  0.0410470195
 747  0.0410702522
 748  0.0352077994
 749  0.0311499296
 750  0.0336835926
 751  0.0377654503
 752  0.0463648454
 753  0.0639444816
 754  0.0652738295
 755  0.0695682696
 756  0.0657916315
 757  0.0615303425
 758  0.0547263213
 759  0.0554496893
 760  0.0515312977
 761  0.0569022735
 762  0.0470551354
 763  0.0374712884
 764  0.041759283
 765  0.0535595785
 766  0.0695882116
 767  0.0530819333
 768  0.0579429755
 769  0.0752294933
 770  0.0585089043
 771  0.0426717627
 772  0.0404489071
 773  0.0413401125
 774  0.040361199
 775  0.0413970367
 776  0.0409274528
 777  0.045097555
 778  0.0405572979
 779  0.0410149673
 780  0.0449672102
 781  0.0465321829
 782  0.049231505
 783  0.0449930104
 784  0.0543242713
 785  0.0497159865
 786  0.0560521957
 787  0.0485893821
 788  0.0478678876
 789  0.0448778662
 790  0.0479788099
 791  0.0522337001
 792  0.062186715
 793  0.0609654353
 794  0.0544316621
 795  0.0546176651
 796  0.0549970832
 797  0.0528159774
 798  0.0603872041
 799  0.0597262437
 800  0.0570822595
 801  0.0631453051
 802  0.0722311273
 803  0.0641881478
 804  0.0666454052
 805  0.0596514903
 806  0.0635525387
 807  0.0445821644
 808  0.0399471362
 809  0.0374425216
 810  0.0512553334
 811  0.0519019722
 812  0.0469273416
 813  0.0504382286
 814  0.0502896255
 815  0.0441238567
 816  0.0410318494
 817  0.046801458
 818  0.0506802961
 819  0.0467334501
 820  0.0541011442
 821  0.0511911109
 822  0.0573386903
 823  0.0594950249
 824  0.0700998456
 825  0.0681755003
 826  0.0741722976
 827  0.0811388683
 828  0.101305145
