 1  1.15876295
 2  1.13215712
 3  1.04776757
 4  1.06251007
 5  0.9419681
 6  0.937720557
 7  0.768668035
 8  0.773312207
 9  0.659437073
 10  0.651545075
 11  0.62572311
 12  0.665500292
 13  0.69403628
 14  0.705786088
 15  0.78136736
 16  0.814004334
 17  0.924110185
 18  0.937836698
 19  1.02406034
 20  1.01816869
 21  1.07938526
 22  1.06431622
 23  1.08865129
 24  1.07366483
 25  1.09899677
 26  1.01824786
 27  1.08402198
 28  1.0949701
 29  0.954641199
 30  0.983800717
 31  0.983068499
 32  1.00214537
 33  0.997778647
 34  1.04141025
 35  1.00535353
 36  1.05924592
 37  1.02367079
 38  1.11262139
 39  1.06731447
 40  0.967872577
 41  1.01439766
 42  1.00509655
 43  0.818186474
 44  0.70710578
 45  0.622420015
 46  0.59882347
 47  0.617868305
 48  0.568499716
 49  0.50340538
 50  0.552039377
 51  0.592890262
 52  0.558732838
 53  0.549474364
 54  0.699457136
 55  0.52174319
 56  0.736014222
 57  0.742949169
 58  0.844930888
 59  0.872663053
 60  0.863039307
 61  0.98251909
 62  0.979494267
 63  1.09853211
 64  1.16918305
 65  1.13502206
 66  0.966740374
 67  0.919978167
 68  0.900689999
 69  0.811341088
 70  0.808348391
 71  0.935033723
 72  0.945630176
 73  0.89603458
 74  0.976386249
 75  1.05630366
 76  0.979670166
 77  0.887521922
 78  0.725750629
 79  0.648075577
 80  0.56082094
 81  0.572882773
 82  0.589485517
 83  0.584291819
 84  0.567398481
 85  0.57313172
 86  0.563595779
 87  0.572424943
 88  0.604826007
 89  0.626210228
 90  0.630192423
 91  0.620387633
 92  0.593948058
 93  0.56900498
 94  0.555954004
 95  0.568315569
 96  0.603030892
 97  0.713878939
 98  0.779479925
 99  0.949247687
 100  1.06079255
 101  1.20247153
 102  1.29810137
 103  1.22332321
 104  1.15067685
 105  1.02101835
 106  1.00750529
 107  0.827925829
 108  0.819149845
 109  0.662822783
 110  0.637146424
 111  0.578152216
 112  0.580952721
 113  0.60212923
 114  0.627347483
 115  0.65224755
 116  0.66158513
 117  0.677858344
 118  0.647624625
 119  0.674693616
 120  0.642738169
 121  0.628986259
 122  0.589808476
 123  0.613656941
 124  0.640259116
 125  0.623948834
 126  0.643127224
 127  0.582471984
 128  0.578929964
 129  0.564670704
 130  0.519820525
 131  0.550945214
 132  0.614651217
 133  0.552901174
 134  0.559524609
 135  0.458797688
 136  0.478580227
 137  0.477065007
 138  0.51844949
 139  0.57958587
 140  0.588883443
 141  0.65734539
 142  0.657719076
 143  0.600305243
 144  0.546536263
 145  0.510933275
 146  0.465163775
 147  0.457068005
 148  0.433364252
 149  0.458928631
 150  0.450230621
 151  0.497502445
 152  0.508717622
 153  0.545917865
 154  0.590830664
 155  0.644174228
 156  0.68839527
 157  0.602130704
 158  0.58786324
 159  0.538896062
 160  0.539588206
 161  0.492070541
 162  0.489636632
 163  0.50012136
 164  0.50988695
 165  0.540215115
 166  0.56282087
 167  0.553159268
 168  0.541157903
 169  0.584799858
 170  0.742073401
 171  0.834498225
 172  0.894109184
 173  0.875658376
 174  0.874591657
 175  0.905235455
 176  0.783605449
 177  0.772533582
 178  0.754295093
 179  0.625116542
 180  0.595919495
 181  0.613962724
 182  0.605264671
 183  0.68972659
 184  0.658124997
 185  0.706419669
 186  0.681029466
 187  0.821723634
 188  0.85390644
 189  1.01296282
 190  1.04304223
 191  1.03790805
 192  1.0939663
 193  1.10050805
 194  1.02417461
 195  0.969797886
 196  1.04284636
 197  1.05876854
 198  0.988272195
 199  1.00424194
 200  0.898720065
 201  0.913141366
 202  0.819361812
 203  0.869715371
 204  0.811187119
 205  0.882392517
 206  0.822815645
 207  0.899034933
 208  1.35608647
 209  1.32281596
 210  1.16408965
 211  1.14325787
 212  1.01565357
 213  0.969551828
 214  0.84531329
 215  0.856029547
 216  0.793683346
 217  0.755166195
 218  0.700947252
 219  0.714420664
 220  0.747324886
 221  0.775278704
 222  0.885460231
 223  0.876996022
 224  0.934682878
 225  0.953129764
 226  1.03983701
 227  1.08741149
 228  1.20899585
 229  1.22028519
 230  1.25132251
 231  1.2062747
 232  1.23120043
 233  1.11791118
 234  1.16609433
 235  1.15265151
 236  0.977295038
 237  1.03706455
 238  1.06822765
 239  1.10119382
 240  1.10775944
 241  1.17633948
 242  1.08118065
 243  1.1095682
 244  1.03867751
 245  1.08453169
 246  1.03475588
 247  0.975474332
 248  1.04073609
 249  1.03393598
 250  0.891312921
 251  0.818262986
 252  0.712278925
 253  0.699435471
 254  0.734770853
 255  0.668315228
 256  0.642989375
 257  0.661503878
 258  0.678664997
 259  0.635921266
 260  0.625158913
 261  0.742119882
 262  0.624897458
 263  0.743167903
 264  0.746508258
 265  0.889225892
 266  0.909832157
 267  0.860634012
 268  0.961933908
 269  0.934098272
 270  0.999477598
 271  1.06557836
 272  0.9980601
 273  0.882243569
 274  0.872526547
 275  0.87862576
 276  0.823445118
 277  0.840492473
 278  0.987782862
 279  1.00082294
 280  0.963421044
 281  1.10458029
 282  1.23094626
 283  1.12987949
 284  0.976451468
 285  0.835022201
 286  0.784649031
 287  0.648456341
 288  0.63689522
 289  0.634329452
 290  0.639391739
 291  0.614501513
 292  0.662051167
 293  0.654865474
 294  0.708551019
 295  0.719123819
 296  0.717163508
 297  0.665483698
 298  0.656696627
 299  0.64327085
 300  0.630664676
 301  0.668500643
 302  0.709231142
 303  0.725739161
 304  0.843023675
 305  0.885446816
 306  1.0888665
 307  1.22659875
 308  1.42722892
 309  1.57452563
 310  1.49605174
 311  1.33850489
 312  1.14661902
 313  1.09109584
 314  0.918173297
 315  0.903655302
 316  0.77288197
 317  0.778894574
 318  0.694487607
 319  0.672643202
 320  0.65424777
 321  0.662323853
 322  0.701207167
 323  0.724427343
 324  0.789608882
 325  0.79319143
 326  0.857358318
 327  0.802321282
 328  0.750613146
 329  0.701613356
 330  0.737829583
 331  0.774812466
 332  0.735400349
 333  0.740073824
 334  0.691296613
 335  0.719684261
 336  0.690995801
 337  0.649935465
 338  0.637690888
 339  0.69745985
 340  0.639285883
 341  0.631004704
 342  0.573757377
 343  0.559498166
 344  0.561821318
 345  0.618193499
 346  0.684813979
 347  0.722206092
 348  0.76838379
 349  0.770405601
 350  0.738748106
 351  0.658735983
 352  0.636692511
 353  0.572752121
 354  0.571687458
 355  0.540147846
 356  0.540114378
 357  0.552922452
 358  0.594830451
 359  0.625711068
 360  0.650202017
 361  0.687423606
 362  0.762429931
 363  0.863426699
 364  0.673319248
 365  0.671247578
 366  0.6603748
 367  0.672380141
 368  0.601231947
 369  0.579439846
 370  0.603687658
 371  0.588848263
 372  0.633975017
 373  0.622560384
 374  0.634375427
 375  0.624989828
 376  0.75920634
 377  0.841513729
 378  0.96609532
 379  1.01766924
 380  1.00864106
 381  0.949857122
 382  0.900462018
 383  0.832215616
 384  0.780151593
 385  0.729273014
 386  0.630596379
 387  0.61459104
 388  0.653663524
 389  0.668007722
 390  0.699129544
 391  0.717154471
 392  0.760740843
 393  0.783489009
 394  0.884167282
 395  0.953598561
 396  1.1142819
 397  1.19955945
 398  1.18194666
 399  1.24329937
 400  1.2122097
 401  1.0927016
 402  1.05403365
 403  1.11040402
 404  1.16957154
 405  1.09676815
 406  1.12903745
 407  0.976865921
 408  0.973592587
 409  0.865679738
 410  0.884579701
 411  0.80812785
 412  0.826985081
 413  0.786577064
 414  0.795325066
 415  1.69296205
 416  1.55917095
 417  1.40617877
 418  1.40165649
 419  1.23819222
 420  1.27047128
 421  1.0430776
 422  1.12325197
 423  0.956577311
 424  0.923525033
 425  0.818865309
 426  0.857848156
 427  0.961409225
 428  1.01052172
 429  1.20605628
 430  1.19639168
 431  1.29343421
 432  1.23889904
 433  1.34280084
 434  1.32269833
 435  1.41251158
 436  1.43593873
 437  1.53824616
 438  1.571741
 439  1.65054026
 440  1.52042696
 441  1.71108413
 442  1.75953237
 443  1.45334811
 444  1.46346463
 445  1.4090836
 446  1.39974855
 447  1.33368945
 448  1.37373025
 449  1.2915381
 450  1.36696599
 451  1.34893581
 452  1.52324107
 453  1.53000329
 454  1.40591975
 455  1.41139912
 456  1.42719538
 457  1.15271717
 458  0.988430945
 459  0.798036073
 460  0.746625738
 461  0.734849294
 462  0.684761846
 463  0.628565668
 464  0.662804399
 465  0.670791964
 466  0.634577695
 467  0.613394224
 468  0.812614766
 469  0.747348242
 470  0.917485013
 471  1.0328125
 472  1.2087623
 473  1.24825515
 474  1.28411248
 475  1.55294473
 476  1.56710417
 477  1.82147206
 478  1.95236648
 479  1.92673957
 480  1.57821575
 481  1.50071456
 482  1.42582485
 483  1.25312949
 484  1.19669136
 485  1.41955983
 486  1.48983399
 487  1.38655822
 488  1.51433423
 489  1.66345763
 490  1.59382298
 491  1.3369493
 492  1.07055762
 493  0.873090932
 494  0.637688743
 495  0.656866979
 496  0.644065348
 497  0.669062457
 498  0.665056303
 499  0.729921214
 500  0.732004351
 501  0.77049583
 502  0.742774081
 503  0.746648431
 504  0.694918358
 505  0.700731842
 506  0.682881611
 507  0.677176573
 508  0.671913282
 509  0.707237241
 510  0.743393887
 511  1.00616413
 512  1.02543146
 513  1.37376684
 514  1.51189507
 515  1.77337146
 516  1.89025678
 517  1.76154564
 518  1.59767348
 519  1.39428683
 520  1.37977947
 521  1.07497148
 522  1.16586219
 523  0.876623385
 524  0.886909826
 525  0.755050756
 526  0.760286925
 527  0.737240575
 528  0.736715685
 529  0.774679067
 530  0.753406923
 531  0.844546559
 532  0.885405745
 533  0.931765996
 534  0.853977793
 535  0.858202012
 536  0.771969482
 537  0.821870153
 538  0.872585588
 539  0.806922118
 540  0.899842308
 541  0.824044634
 542  0.831568053
 543  0.817789503
 544  0.748603318
 545  0.899260272
 546  1.00230734
 547  0.949641267
 548  0.984070019
 549  0.8383744
 550  0.843217106
 551  0.822629097
 552  0.859779083
 553  0.862101049
 554  0.887553052
 555  0.962415552
 556  0.939200959
 557  0.966014944
 558  0.823072678
 559  0.782347873
 560  0.765865842
 561  0.747999432
 562  0.763307708
 563  0.770593857
 564  0.736794658
 565  0.773914291
 566  0.7721187
 567  0.84546141
 568  0.901839017
 569  0.997053139
 570  1.01218435
 571  0.956142179
 572  0.895022194
 573  0.839348276
 574  0.827375786
 575  0.752970865
 576  0.717920369
 577  0.737388387
 578  0.692609007
 579  0.70408798
 580  0.663245932
 581  0.676862609
 582  0.68336357
 583  0.871211004
 584  1.17856824
 585  1.41323306
 586  1.54590378
 587  1.52321065
 588  1.46459746
 589  1.50460105
 590  1.25088908
 591  1.24458608
 592  1.16721419
 593  1.02978104
 594  1.01360343
 595  1.01615588
 596  0.987845631
 597  1.11589486
 598  1.02167182
 599  1.09149236
 600  0.970875882
 601  1.18807713
 602  1.20380576
 603  1.49171529
 604  1.52174131
 605  1.44283268
 606  1.50893474
 607  1.52916637
 608  1.37197196
 609  1.27042844
 610  1.37248693
 611  1.38692064
 612  1.30507125
 613  1.36902315
 614  1.20604616
 615  1.29071955
 616  1.15898505
 617  1.31770649
 618  1.23630833
 619  1.40854993
 620  1.33253368
 621  1.51083526
 622  1.93832556
 623  1.83311976
 624  1.54182489
 625  1.48461022
 626  1.2743887
 627  1.19055102
 628  0.981325149
 629  0.973559196
 630  0.912100942
 631  0.940344039
 632  0.891274275
 633  0.955094816
 634  0.995352844
 635  1.01872222
 636  1.08223043
 637  1.05965075
 638  1.09366641
 639  1.14029328
 640  1.28343758
 641  1.35580595
 642  1.55374088
 643  1.5796628
 644  1.66241403
 645  1.62540023
 646  1.72386612
 647  1.5592267
 648  1.67811717
 649  1.61719165
 650  1.29588936
 651  1.34994269
 652  1.36875536
 653  1.37870833
 654  1.36135218
 655  1.44425812
 656  1.30659246
 657  1.34704183
 658  1.25728887
 659  1.33296638
 660  1.2675643
 661  1.21699014
 662  1.29928336
 663  1.30729255
 664  1.16442258
 665  1.18399335
 666  1.02869642
 667  0.973984425
 668  0.926688647
 669  0.846810777
 670  0.877617105
 671  0.816404852
 672  0.789097921
 673  0.766929879
 674  0.727583657
 675  0.87220564
 676  0.810272904
 677  0.926794873
 678  0.954282469
 679  1.17186235
 680  1.18876001
 681  1.13868546
 682  1.32540044
 683  1.30462346
 684  1.42578822
 685  1.55852351
 686  1.44746447
 687  1.21498758
 688  1.15745582
 689  1.17198092
 690  1.06340946
 691  1.08166407
 692  1.3342701
 693  1.37136548
 694  1.28537585
 695  1.50306001
 696  1.70818016
 697  1.52610264
 698  1.26901288
 699  1.04620983
 700  0.940437045
 701  0.72705838
 702  0.687158308
 703  0.731527725
 704  0.80921632
 705  0.854166366
 706  1.00043975
 707  0.986653454
 708  1.126936
 709  1.08520175
 710  1.11213177
 711  0.931107355
 712  0.903279096
 713  0.817782235
 714  0.755154815
 715  0.741077887
 716  0.769204887
 717  0.800430817
 718  1.00411479
 719  1.09255925
 720  1.4387486
 721  1.67978008
 722  2.02638474
 723  2.29393651
 724  2.18019258
 725  1.87701484
 726  1.53663997
 727  1.41730746
 728  1.11764056
 729  1.08511877
 730  0.870544664
 731  0.869535821
 732  0.782260988
 733  0.824326367
 734  0.841638632
 735  0.856684473
 736  0.975777445
 737  0.984615299
 738  1.16210579
 739  1.20673176
 740  1.34513608
 741  1.22796026
 742  1.13336897
 743  1.04082225
 744  1.12320129
 745  1.18316642
 746  1.04810847
 747  1.06922949
 748  0.941772963
 749  0.929816377
 750  0.90877237
 751  0.889238054
 752  0.912340443
 753  0.98166809
 754  0.95775098
 755  0.967094165
 756  0.862877549
 757  0.877586177
 758  0.824521886
 759  0.87839809
 760  0.924359407
 761  0.987600074
 762  1.01272848
 763  0.951198295
 764  0.890463075
 765  0.828766959
 766  0.854090415
 767  0.840163069
 768  0.900531874
 769  0.879040431
 770  0.901579
 771  0.872345568
 772  0.921501765
 773  0.933001538
 774  0.96220685
 775  1.01140471
 776  1.05504854
 777  1.27506536
 778  1.09298744
 779  1.0378289
 780  1.02869913
 781  1.06290993
 782  1.01641746
 783  0.960835759
 784  0.981838949
 785  0.881484861
 786  0.886839014
 787  0.773618541
 788  0.748981402
 789  0.754725031
 790  0.933647759
 791  1.08066941
 792  1.25535584
 793  1.35944038
 794  1.32405848
 795  1.24961065
 796  1.18013143
 797  1.09239844
 798  1.04505337
 799  1.04666022
 800  0.928266534
 801  0.895016741
 802  0.993483489
 803  0.940156151
 804  0.980465806
 805  0.945422308
 806  0.964175438
 807  0.957594536
 808  1.05479052
 809  1.11555325
 810  1.30860327
 811  1.41253041
 812  1.39374027
 813  1.4713333
 814  1.50087171
 815  1.3852008
 816  1.28185348
 817  1.3278942
 818  1.38964175
 819  1.29326398
 820  1.34570741
 821  1.16136564
 822  1.18648105
 823  1.06341438
 824  1.12158669
 825  1.0447638
 826  1.12265949
 827  1.12147432
 828  1.19375522
