 X,Y,Z,XY,XZ,YZ,XYZ
   1   0.875443   1.094657   0.926928   0.987075   0.938203   1.003321   1.008966
   2   0.894848   1.086362   0.932179   0.981802   0.944782   0.994269   1.012604
   3   0.911019   1.087269   0.945693   1.007185   0.953868   1.001989   1.021336
   4   0.922342   1.104977   0.980021   1.008550   0.971752   1.019888   1.022511
   5   0.976171   1.130415   1.039704   1.111229   1.032658   1.071607   1.091500
   6   0.984080   1.106070   1.078426   1.031741   1.030839   1.076285   1.056740
   7   1.011556   1.107084   1.095098   1.044767   1.081732   1.127553   1.108097
   8   1.005917   1.088552   1.119965   1.004260   1.055669   1.114144   1.051088
   9   1.072630   1.095465   1.123539   1.026165   1.144272   1.101345   1.073370
  10   1.146738   1.201991   1.142680   1.063918   1.267420   1.058991   1.102360
  11   1.204805   1.082720   1.039895   1.066757   1.213379   1.044025   1.107482
  12   1.255113   1.121588   1.086121   1.120420   1.298818   1.049016   1.170713
  13   1.204415   1.386481   1.301503   1.195220   1.469956   1.086352   1.228002
  14   1.124403   1.343569   1.223861   1.116857   1.376844   1.083827   1.162555
  15   0.984233   1.151577   1.159766   1.061076   1.180663   1.115935   1.096198
  16   0.903881   1.133527   1.122245   0.994385   1.090110   1.103531   1.048789
  17   0.928211   1.109223   1.122314   0.972253   1.029746   1.105069   1.022235
  18   0.917351   1.100501   1.075032   0.976567   1.036676   1.071016   1.043418
  19   0.922150   1.092438   1.066981   0.980752   1.011555   1.034938   1.019827
  20   0.924660   1.110160   1.015951   1.015081   0.999499   1.020511   1.039900
  21   0.914204   1.089304   0.989415   0.992198   0.974685   0.985403   1.015606
  22   0.911377   1.089144   0.958931   1.015234   0.953566   0.972630   1.019195
  23   0.896199   1.088743   0.943572   1.015390   0.940915   0.975890   1.015872
  24   0.888649   1.126599   0.956395   1.023954   0.933985   1.002163   1.016985
  25   0.873245   1.156618   0.981158   1.034785   0.943313   1.035138   1.036436
  26   0.906367   1.179473   0.989450   1.040156   0.977189   1.065328   1.060461
  27   0.896985   1.212008   1.014584   1.045352   0.981825   1.090696   1.068918
  28   0.889272   1.226806   1.020626   1.056486   0.970075   1.084384   1.047059
  29   0.924425   1.237725   1.031946   1.071766   0.990585   1.087560   1.056145
  30   0.893455   1.188632   1.018360   1.053293   0.964924   1.050180   1.028718
  31   0.901121   1.141530   0.968524   1.045872   0.942279   0.997842   1.015001
  32   0.902344   1.105579   0.971340   1.029906   0.944144   0.970624   1.004690
  33   0.916116   1.113301   0.974688   1.035767   0.962634   0.974315   1.019565
  34   0.912943   1.077113   0.997784   1.006275   0.989289   0.967251   1.012011
  35   0.918915   1.099041   1.019599   1.008708   1.016626   0.993560   1.024047
  36   0.907332   1.072956   1.058748   0.983723   1.038047   1.001519   1.019894
  37   0.911555   1.090009   1.078507   0.988383   1.057512   1.036885   1.036340
  38   0.912271   1.104805   1.107770   0.994031   1.018868   1.060212   1.021813
  39   0.915098   1.120987   1.126804   0.996189   1.031151   1.102867   1.023868
  40   0.900241   1.127125   1.125639   1.004392   1.096992   1.092382   1.048800
  41   0.897859   1.114946   1.111928   1.008064   1.131412   1.058981   1.057531
  42   0.906255   1.102996   1.093099   1.003059   1.139594   1.051347   1.068589
  43   0.915184   1.109148   1.097704   0.995985   1.159086   1.054880   1.087389
  44   0.976710   1.150411   1.094782   0.989161   1.252881   1.041356   1.116617
  45   1.018586   1.060245   1.017223   0.980070   1.121518   1.044400   1.072925
  46   1.014458   1.029613   1.011750   1.012570   1.090102   1.059142   1.084188
  47   1.031475   1.024776   1.085225   1.008379   1.097666   1.094896   1.100038
  48   1.019418   1.048308   1.052094   1.057789   1.112008   1.094777   1.131176
  49   1.050451   1.143287   1.008800   1.080580   1.100514   1.133199   1.142198
  50   0.955890   1.050801   0.965104   1.016360   1.031050   1.026965   1.058497
  51   0.995088   1.025672   1.004353   1.052901   1.066172   1.029810   1.093526
  52   1.053031   1.059955   0.962056   1.120566   1.076492   1.024835   1.117028
  53   1.010326   1.093491   0.983735   1.075187   1.054653   1.045924   1.094971
  54   0.957081   1.053977   1.039505   1.032461   1.035408   1.036689   1.073821
  55   1.023715   1.205931   1.036249   1.078181   1.075525   1.073823   1.072991
  56   0.997615   1.141409   0.965402   1.084748   1.021424   1.020910   1.070292
  57   0.908185   1.143986   0.944895   1.022311   0.935879   1.035755   1.011798
  58   0.855867   1.139051   0.944131   0.975274   0.926023   1.040434   0.995569
  59   0.859669   1.151404   0.943930   1.000126   0.917098   1.028216   1.002137
  60   0.852883   1.195055   0.976944   1.007924   0.918128   1.059086   1.000965
  61   0.840595   1.217547   0.985048   1.002440   0.919206   1.073964   0.995337
  62   0.838935   1.206030   0.955697   0.979526   0.888611   1.069404   0.981885
  63   0.820256   1.234368   0.986736   0.979368   0.906502   1.107541   0.989853
  64   0.854724   1.231098   1.047303   1.002211   0.964107   1.149242   1.034946
  65   0.831146   1.235854   1.062634   0.986230   0.956310   1.145733   1.004283
  66   0.835829   1.237541   1.045970   0.968386   0.958802   1.118552   0.999732
  67   0.833674   1.191215   1.021601   0.932774   0.959342   1.089627   0.998706
  68   0.855860   1.188483   0.995380   0.958846   0.936005   1.074758   1.000518
  69   0.938391   1.197634   1.043882   1.008367   1.037137   1.108981   1.070027
  70   0.935361   1.165512   1.004618   1.004459   1.004364   1.080419   1.048994
  71   0.911603   1.147694   0.992622   1.003897   0.990289   1.067837   1.049177
  72   0.893027   1.129264   1.013380   0.972080   1.003061   1.067745   1.046050
  73   0.926124   1.093053   1.010123   0.975923   1.010743   1.055336   1.038564
  74   0.935609   1.079936   0.994845   0.976090   1.005080   1.041393   1.038663
  75   0.931417   1.066158   0.993281   0.963291   1.009694   1.038452   1.039573
  76   0.944100   1.071923   1.008628   0.964946   1.015961   1.046322   1.031742
  77   0.955117   1.090061   1.015519   0.995008   1.005514   1.053601   1.027767
  78   0.979827   1.109880   1.016047   1.044126   1.000420   1.049128   1.022167
  79   0.987154   1.137430   1.057027   1.115614   1.013169   1.049566   1.043064
  80   1.066836   1.021595   1.013043   1.175029   0.999659   1.000495   1.069498
  81   1.070532   1.028714   0.851984   1.157833   0.835412   0.980228   0.961860
  82   1.053478   1.023591   0.717507   1.142195   0.790284   0.969195   0.939109
  83   1.091600   1.044509   0.657932   1.125773   0.791615   0.941617   0.934611
  84   1.105725   1.028509   0.662923   1.106018   0.825826   0.905425   0.932084
  85   1.126647   1.058727   0.686747   1.115572   0.866489   0.937203   0.970493
  86   1.084113   1.052341   0.720531   1.108112   0.859374   0.934003   0.977111
  87   1.066186   1.076768   0.750678   1.101852   0.877177   0.958863   1.000147
  88   1.059256   1.090123   0.787655   1.110937   0.933898   0.983917   1.022298
  89   1.094958   1.078406   0.776502   1.129392   0.950729   0.978489   1.012850
  90   1.125300   1.041413   0.790182   1.165569   0.974957   0.972605   1.020057
  91   1.122267   1.038433   0.749345   1.155893   0.924585   0.958166   0.978064
  92   1.073471   0.936070   0.715031   1.077623   0.860543   0.911749   0.918788
  93   1.001954   0.950720   0.695465   1.024615   0.807459   0.886377   0.869140
  94   1.017778   0.949588   0.796641   0.991615   0.878752   0.924429   0.911694
  95   0.948380   0.995127   0.839159   1.008084   0.853333   0.956581   0.917910
  96   0.960703   0.990120   1.010834   0.999569   1.016996   1.003891   1.026108
  97   0.961346   1.021267   1.015130   0.957928   1.007350   0.982710   0.984041
  98   0.972765   1.016863   1.000770   1.020573   1.014421   0.993736   1.023806
  99   0.940821   1.047054   0.980999   0.975949   0.983098   1.026804   1.014708
 100   0.931654   1.089942   0.979544   0.996735   0.983245   1.055845   1.041434
 101   0.915275   1.110967   0.976482   0.999865   0.976277   1.062611   1.046513
 102   0.903562   1.108324   0.959127   0.995548   0.961729   1.046097   1.038560
 103   0.897442   1.093137   0.942322   0.989075   0.954450   1.021898   1.022115
 104   0.863217   1.042794   0.919056   0.961593   0.917597   0.991256   0.995068
 105   0.865074   1.041196   0.925976   0.964656   0.919776   0.998776   0.992205
 106   0.880603   1.060406   0.949265   0.956510   0.933160   1.015614   0.992699
 107   0.928739   1.082711   1.001183   0.984480   0.995681   1.038431   1.027724
 108   1.013566   1.088649   1.047567   1.022149   1.037363   1.067430   1.060993
 109   1.127625   1.089819   1.081448   1.094719   1.128170   1.107867   1.143410
 110   1.101719   1.070816   1.051016   1.033601   1.066113   1.077347   1.053277
 111   1.152675   1.047831   1.021689   1.067181   1.103677   1.089187   1.081916
 112   1.196892   1.095836   0.986605   1.090873   1.132874   1.027470   1.056984
 113   1.216497   1.025967   0.923940   1.135402   1.103245   1.030974   1.061471
 114   1.267287   1.032738   0.950253   1.243716   1.148764   1.052608   1.125683
 115   1.185133   1.063161   0.912474   1.220609   1.104607   1.056158   1.105763
 116   1.173512   0.959510   0.904064   1.149315   1.113179   1.010275   1.101817
 117   1.082041   0.931084   0.905956   1.075945   1.057017   0.974770   1.065277
 118   1.053855   0.918043   0.924225   1.046967   1.066993   0.977422   1.069536
 119   1.057802   0.934984   0.943066   1.041319   1.088443   0.986009   1.077711
 120   1.052346   0.954263   0.909029   1.049608   1.043901   0.973309   1.058353
 121   1.036868   0.960408   0.960287   1.031707   1.065577   1.006209   1.069329
 122   1.020905   0.981492   0.939688   1.016618   1.042739   1.011735   1.055080
 123   1.007933   0.988623   0.959100   0.992966   1.071094   1.015802   1.064644
 124   1.015045   0.999188   0.981539   1.006692   1.105098   1.037383   1.096447
 125   1.024377   1.010178   0.994760   1.015703   1.100640   1.054732   1.098473
 126   1.044926   0.993970   0.991991   1.042604   1.083662   1.043377   1.085376
 127   1.048574   0.992738   0.957639   1.039722   1.033660   1.024233   1.062389
 128   1.016262   0.963373   0.947593   1.039836   0.989888   1.007445   1.040899
 129   0.987979   1.017423   0.976110   1.053399   1.003779   1.031767   1.042913
 130   1.032811   1.061500   0.953314   1.076490   0.990541   1.032595   1.032987
 131   0.976625   1.106137   1.013619   1.060890   1.000038   1.112178   1.059496
 132   1.017236   1.212559   1.076561   1.139207   1.044986   1.133578   1.080189
 133   1.012054   1.263628   1.106889   1.118873   1.052502   1.167826   1.064483
 134   0.981646   1.307295   1.151975   1.072206   1.077616   1.208372   1.070084
 135   0.997828   1.345333   1.108898   1.120941   1.150274   1.212058   1.136757
 136   0.956666   1.365601   1.098049   1.116461   1.123820   1.162025   1.076420
 137   0.983406   1.289041   1.093495   1.061609   1.175444   1.124274   1.102966
 138   1.009173   1.268997   1.077455   1.082387   1.150584   1.093857   1.057575
 139   0.944589   1.221011   1.068676   1.061186   1.071359   1.063108   1.024408
 140   0.916126   1.255456   1.006806   1.065870   1.020167   1.011883   0.972773
 141   0.799129   1.140628   0.990762   0.987735   0.913286   0.960712   0.918614
 142   0.833129   1.107922   0.969784   1.028393   0.922135   0.947319   0.912431
 143   0.898232   1.146962   0.993368   1.046180   0.965147   0.996555   0.940742
 144   0.941175   1.115531   0.975677   1.031399   0.994235   0.969792   0.959731
 145   0.950597   1.085137   0.861869   1.029504   0.919111   0.902550   0.907853
 146   0.967372   1.084843   0.809570   1.015949   0.938966   0.886685   0.926405
 147   0.933059   1.127719   0.706744   1.045384   0.842648   0.873432   0.895539
 148   0.919172   1.170903   0.674622   1.063987   0.827109   0.920665   0.917027
 149   1.004651   1.189149   0.754227   1.139589   0.887777   0.992631   1.009593
 150   1.004085   1.122627   0.796623   1.127833   0.894232   0.997982   1.025055
 151   1.015769   1.075735   0.824171   1.052574   0.898758   1.016591   1.009923
 152   1.051344   1.090553   0.920007   1.073880   0.967996   1.054805   1.045139
 153   1.019901   1.065829   0.934633   1.044513   0.954948   1.047712   1.021254
 154   1.059492   1.026018   0.968697   1.045859   1.009033   1.043020   1.042578
 155   1.045913   1.003852   0.964650   1.049968   1.014766   1.032005   1.047542
 156   1.103892   1.123919   0.991787   1.072453   1.028538   1.065120   1.036102
 157   1.144153   1.106310   0.978943   1.061512   0.974517   1.089636   1.007953
 158   1.213138   1.077152   0.956857   1.037196   0.970246   1.086482   1.014344
 159   1.126021   1.099452   0.919376   1.046488   0.962274   1.062922   1.023103
 160   1.090441   1.095795   0.883176   1.067227   0.960319   1.036680   1.043171
 161   1.046814   1.162158   0.808168   1.129911   0.896185   1.029631   1.037074
 162   1.056346   1.122097   0.745640   1.139556   0.885488   0.964424   1.009000
 163   1.108897   1.159293   0.709770   1.175978   0.914296   0.970067   1.025589
 164   1.160337   1.121712   0.692151   1.182540   0.914979   0.944338   1.026655
 165   1.140382   1.120999   0.723035   1.146917   0.904425   0.976970   1.014312
 166   1.110936   1.044795   0.794002   1.178417   0.889248   0.987411   1.029700
 167   1.072183   1.078977   0.900024   1.205593   0.903273   0.986707   1.020667
 168   1.073329   1.077002   0.986688   1.180669   1.019363   0.989986   1.057017
 169   0.973846   1.127435   1.017036   1.125092   0.990454   1.033696   1.024073
 170   0.965274   1.102846   1.023299   1.042767   1.010734   1.056930   1.025934
 171   0.947913   1.094372   1.013695   1.006424   1.010814   1.055815   1.023233
 172   0.924470   1.072226   1.004441   0.978725   1.020563   1.054354   1.031232
 173   0.906389   1.089979   1.019546   0.987034   1.046206   1.069644   1.046269
 174   0.891324   1.127902   1.031673   0.964233   1.048092   1.085966   1.054319
 175   0.887899   1.180418   1.066877   0.959434   1.077336   1.116141   1.074196
 176   0.886287   1.213495   1.075028   0.971869   1.094618   1.102175   1.061813
 177   0.889625   1.288353   1.093831   0.988378   1.090178   1.123310   1.055900
 178   0.878834   1.269261   1.120664   1.019124   1.094924   1.139430   1.042948
 179   0.901923   1.298765   1.152136   1.037648   1.133542   1.168655   1.050823
 180   0.887301   1.340110   1.175657   1.009331   1.155280   1.205018   1.076129
 181   0.931686   1.337394   1.174074   1.034158   1.133805   1.230505   1.087670
 182   0.915030   1.251162   1.098429   1.036927   1.077679   1.150123   1.065942
 183   0.912776   1.225341   1.088981   1.029696   1.023458   1.136035   1.036053
 184   0.937832   1.169290   1.043284   1.079052   0.996020   1.073965   1.037471
 185   0.939619   1.095841   1.019253   1.054117   1.003748   1.041727   1.030087
 186   0.963809   1.045518   0.988838   1.061291   1.016341   1.001108   1.035042
 187   0.931621   1.018455   0.990334   1.005478   0.998030   0.983390   1.000390
 188   0.911792   1.013777   0.982847   0.976007   1.006048   0.979067   0.999081
 189   0.922273   1.057198   1.001744   1.023035   0.982898   0.995604   0.997534
 190   0.923256   1.043080   1.001749   1.010016   1.000632   0.990745   0.998433
 191   0.939609   1.039822   1.020373   1.011622   1.039336   0.999808   1.018512
 192   0.944552   1.047583   1.039449   1.017082   1.081428   1.017377   1.043900
 193   0.982411   1.068557   1.041566   1.054551   1.111070   1.028760   1.071586
 194   0.951430   1.061674   1.052652   1.017830   1.127235   1.029363   1.069007
 195   0.939288   1.055339   1.044079   1.009585   1.092370   1.015090   1.055436
 196   0.914866   1.068300   1.063291   0.995969   1.087379   1.019331   1.045284
 197   0.914705   1.053072   1.043981   0.993152   1.056692   0.997598   1.027681
 198   0.925694   1.058142   1.014535   1.008091   1.027920   0.984768   1.014628
 199   0.919256   1.061571   0.995696   1.012663   0.987502   0.966825   0.999952
 200   0.944113   1.096636   0.997561   1.034155   0.996117   0.979248   1.001559
 201   0.933686   1.111183   0.995985   1.033546   0.969552   0.991525   0.997805
 202   1.005794   1.164437   1.014655   1.092435   1.019559   1.034940   1.049077
 203   0.960267   1.207950   1.062298   1.077221   1.027691   1.104635   1.069882
 204   0.933894   1.210101   1.056122   1.055969   1.013948   1.122806   1.064269
 205   0.923564   1.212534   1.047271   1.028682   0.991835   1.115777   1.038589
 206   0.884643   1.230153   1.065259   1.015474   0.991146   1.126504   1.033608
 207   0.889601   1.258269   1.095842   1.026747   0.997209   1.174885   1.039481
 208   1.028654   0.815025   0.856361   0.910192   0.944662   0.887109   0.951458
 209   1.032356   0.838696   0.833151   0.907355   0.918648   0.875691   0.940144
 210   1.034262   0.835408   0.832736   0.929661   0.906556   0.871010   0.927267
 211   1.135733   0.854761   0.873268   0.969576   0.948042   0.899892   0.939071
 212   1.198104   0.941452   0.965581   1.130637   1.008324   0.982267   1.031884
 213   1.144907   0.940987   1.036136   1.039472   1.010021   0.959164   0.979567
 214   1.135091   1.005209   1.113132   1.063354   1.067983   1.042485   1.046498
 215   1.083194   0.985947   1.133592   1.025039   1.058246   1.009051   0.984552
 216   1.036108   1.026001   1.133219   1.032640   1.063200   1.076477   1.021119
 217   1.053154   1.030012   1.095251   1.008800   1.019512   1.122727   1.010325
 218   0.927953   1.043170   1.009430   0.972095   1.016286   1.079245   1.007380
 219   0.945136   1.076236   1.011693   0.988324   1.018787   1.120980   1.046352
 220   1.150295   1.050753   1.185238   1.048272   1.045275   1.260888   1.086876
 221   1.077418   0.980470   1.127255   0.971528   1.051840   1.176766   1.015234
 222   1.024707   0.898386   1.122457   0.989966   1.039271   1.056631   0.982273
 223   1.011815   0.847342   1.087055   0.916539   0.995544   0.991544   0.915187
 224   1.060153   0.864806   1.108775   0.929450   1.005615   0.944425   0.896361
 225   1.053725   0.839037   1.041586   0.907402   0.942134   0.945997   0.899728
 226   1.084402   0.846648   1.012841   0.921099   0.908042   0.913865   0.887304
 227   1.089940   0.856963   0.942017   0.944400   0.886420   0.916741   0.922156
 228   1.076146   0.859930   0.901486   0.936682   0.871199   0.889347   0.915379
 229   1.056495   0.858200   0.881118   0.964999   0.874869   0.872060   0.939823
 230   1.064086   0.844706   0.880525   0.971706   0.910263   0.877377   0.961423
 231   1.089101   0.819447   0.920365   0.978486   0.961496   0.891095   0.981865
 232   1.138382   0.818218   0.971734   1.004433   1.032211   0.945158   1.043427
 233   1.147323   0.870051   0.983540   1.026955   1.074096   0.994853   1.083381
 234   1.204039   0.867969   1.031805   1.041377   1.120102   1.025337   1.121939
 235   1.238086   0.856824   1.061047   1.048450   1.119003   1.013003   1.098995
 236   1.243942   0.912421   1.083659   1.085200   1.112982   1.039374   1.103728
 237   1.173666   0.839506   1.060758   1.031890   1.047042   0.979151   1.033983
 238   1.094638   0.833752   0.939775   1.007146   0.937668   0.895422   0.969202
 239   1.058566   0.827671   0.941798   0.970980   0.869665   0.875889   0.917986
 240   1.071358   0.845543   0.907606   0.980001   0.843909   0.872819   0.911260
 241   1.018098   0.846033   0.935119   0.934815   0.796632   0.892766   0.876726
 242   1.025887   0.837116   0.958506   0.923416   0.815132   0.915211   0.872922
 243   0.995397   0.830170   0.998750   0.888982   0.810240   0.928384   0.848279
 244   0.994462   0.831066   1.028267   0.886708   0.864397   0.956975   0.857001
 245   1.030292   0.838907   1.061240   0.900311   0.914018   0.912673   0.851442
 246   1.026680   0.847003   1.091896   0.914034   0.979225   0.931923   0.865746
 247   0.978610   0.833518   1.074305   0.909372   0.970983   0.983048   0.889108
 248   0.947407   0.830635   1.046195   0.909515   0.900669   1.008122   0.878650
 249   0.915370   0.822124   1.024737   0.895237   0.893270   1.005193   0.882329
 250   0.883459   0.818833   1.024751   0.867242   0.893822   1.022439   0.909417
 251   0.864162   0.854340   0.986867   0.844773   0.905139   1.064762   0.938594
 252   0.785478   0.882182   0.936467   0.824071   0.929233   0.983095   0.929130
 253   0.775445   0.904213   0.948226   0.853916   0.932882   0.970121   0.934089
 254   0.780782   0.943520   1.076254   0.855864   0.994064   1.022886   0.968273
 255   0.810765   0.914634   1.051033   0.916829   1.002235   1.069198   1.043552
 256   0.936477   0.977303   1.007312   0.971067   1.075255   1.037323   1.072139
 257   0.903192   1.015855   1.055500   0.957885   0.996992   1.027490   0.993941
 258   0.884510   1.030623   1.064637   0.962932   0.940428   1.141307   1.060370
 259   1.046737   1.518393   1.046120   1.405549   1.052903   1.392727   1.366521
 260   1.458359   1.683643   1.320811   1.619384   1.369014   1.340782   1.429106
 261   1.329725   1.028854   1.045880   1.252895   1.069995   1.070209   1.158440
 262   1.172862   1.149159   1.118480   1.136178   1.049886   1.198812   1.121619
 263   1.075948   0.973943   0.870788   1.077660   0.972069   0.980961   1.037175
 264   1.035716   0.900699   0.893361   1.007836   0.982159   0.916321   0.973093
 265   1.026369   0.823402   0.909138   0.938089   1.020850   0.922281   0.987185
 266   1.083246   0.855020   0.916672   0.999772   1.005530   0.925215   1.008450
 267   1.188993   0.876077   1.044003   1.035149   1.120322   0.999921   1.072140
 268   1.210969   0.864958   1.029849   1.002313   1.113194   0.994675   1.059182
 269   1.194297   0.853166   0.976325   0.980540   1.104970   0.954929   1.061023
 270   1.281193   0.852479   1.084861   0.996194   1.215409   1.046530   1.134237
 271   1.462630   0.940045   1.173286   1.189485   1.410085   1.164569   1.330044
 272   1.531547   0.982598   1.298209   1.211344   1.508680   1.307494   1.420422
 273   1.319567   0.863588   1.128158   0.959065   1.242930   1.084202   1.140521
 274   1.131215   0.855473   1.070051   0.875122   1.138668   1.054507   1.084377
 275   1.087384   0.831298   1.010342   0.882851   1.081501   0.971745   1.030616
 276   1.078491   0.933394   1.054265   0.952366   1.118628   1.068280   1.094349
 277   1.038965   0.889355   0.997056   0.946949   1.083754   0.993112   1.043943
 278   1.035438   0.862368   0.998659   0.951065   1.089026   0.997737   1.063762
 279   0.995715   0.839812   1.025970   0.904844   1.091238   1.012858   1.064356
 280   0.974087   0.865682   1.003791   0.923985   1.076746   1.007491   1.046451
 281   0.987250   0.868933   0.980974   0.932126   1.063098   0.998867   1.045415
 282   0.985737   0.867394   0.970235   0.921803   1.052024   1.005086   1.045950
 283   1.003444   0.881928   0.985874   0.942961   1.069937   1.004337   1.038531
 284   1.040504   0.884954   0.985777   0.977081   1.075304   0.979272   1.023899
 285   1.075957   0.925638   0.978701   1.051331   1.076265   0.944864   1.014654
 286   1.170399   1.058211   1.040063   1.222581   1.103924   1.016010   1.117063
 287   1.099636   1.257100   1.029315   1.339818   1.027357   1.056259   1.150696
 288   1.154398   1.245241   0.972698   1.389867   1.049546   0.964606   1.132954
 289   1.066362   1.204478   0.878923   1.330685   1.038743   0.945464   1.128193
 290   1.059798   1.170360   0.779327   1.250594   1.031076   0.920732   1.100432
 291   0.942412   1.120982   0.746017   1.149964   0.938071   0.895854   1.018625
 292   0.965413   1.070584   0.714340   1.079117   0.957185   0.880275   1.011247
 293   0.882314   0.959663   0.731999   0.976692   0.896723   0.832355   0.950807
 294   0.911231   0.936494   0.736651   0.959844   0.904492   0.852606   0.966629
 295   0.920051   0.923432   0.747871   0.958410   0.924452   0.872459   0.966384
 296   0.941979   0.979148   0.742418   1.014234   0.954460   0.892877   0.996470
 297   0.912301   1.008924   0.779249   1.040806   0.950656   0.920190   1.002186
 298   0.983147   1.070354   0.770720   1.111093   0.980206   0.926534   1.020387
 299   0.890569   1.037153   0.798863   1.055624   0.945871   0.892272   0.981240
 300   0.996474   1.034581   0.772494   1.090279   0.955206   0.869311   0.971249
 301   1.029296   1.147539   0.962224   1.111109   1.052350   1.037891   1.073616
 302   1.249683   1.306318   1.015649   1.221304   1.090829   1.131360   1.132107
 303   1.255833   1.482769   1.161534   1.263634   1.122640   1.360030   1.261928
 304   1.105117   1.090780   1.034386   1.094768   1.073725   1.097492   1.101077
 305   1.061292   0.936983   0.934273   1.040807   0.998489   0.975512   1.004816
 306   1.051575   0.864265   0.921764   0.958912   1.039721   0.945923   0.998804
 307   1.070880   0.843916   0.916671   0.939445   1.050115   0.941443   1.005940
 308   1.096386   0.829064   0.906965   0.949077   1.055832   0.935289   1.017787
 309   1.086665   0.818261   0.877651   0.935554   1.030007   0.920034   1.009095
 310   1.074360   0.827888   0.858941   0.926780   0.998225   0.903151   0.985203
 311   1.037278   0.791318   0.809091   0.903392   0.955320   0.853038   0.938759
 312   1.026092   0.795261   0.824307   0.916218   0.954317   0.858774   0.927464
 313   1.131613   0.851886   0.865797   1.055326   1.026734   0.914614   1.014980
 314   1.200008   1.121561   1.005947   1.296886   1.100287   1.126740   1.199916
 315   1.179371   1.157795   1.022826   1.222522   1.076683   1.105977   1.147914
 316   1.183946   1.272375   1.118752   1.241987   1.117623   1.182867   1.196128
 317   1.143142   1.175457   1.100921   1.136589   1.109841   1.110550   1.097175
 318   1.065043   1.169800   1.122004   1.124809   1.140422   1.137661   1.129837
 319   1.060802   1.139711   1.006746   1.089204   1.045151   1.064121   1.054414
 320   0.947137   1.109792   0.949174   1.074688   1.042894   1.030297   1.054742
 321   0.968938   1.135371   0.925971   1.128003   1.024130   1.047508   1.082481
 322   0.962184   1.045984   0.866989   1.089838   1.028532   0.998974   1.064312
 323   0.834327   1.018769   0.852609   0.985124   0.949478   0.995272   1.016391
 324   0.802741   0.923218   0.858914   0.911320   0.905251   0.961442   0.992207
 325   0.764043   0.875179   0.865878   0.860306   0.898095   0.952971   0.972026
 326   0.747282   0.887230   0.859925   0.856845   0.867414   0.958249   0.948352
 327   0.770255   0.890862   0.838856   0.868016   0.856107   0.927472   0.928859
 328   0.757902   0.871208   0.868377   0.851013   0.875065   0.918792   0.910194
 329   0.758560   0.870274   0.861258   0.846811   0.892137   0.914691   0.909159
 330   0.753945   0.855689   0.880786   0.825081   0.918654   0.940802   0.936389
 331   0.737807   0.867764   0.890911   0.828889   0.925900   0.960613   0.955729
 332   0.751585   0.896357   0.914467   0.847030   0.938536   0.957777   0.945560
 333   0.755159   0.879550   0.903770   0.863921   0.913487   0.924229   0.913759
 334   0.777562   0.882423   0.897437   0.880222   0.883399   0.887447   0.889992
 335   0.739241   0.853609   0.919280   0.873400   0.863910   0.884063   0.883759
 336   0.804973   0.847943   0.960774   0.886999   0.905847   0.929646   0.909287
 337   0.873109   0.942657   0.948070   0.953330   0.930332   0.938993   0.929330
 338   0.972956   0.870357   1.075833   0.961555   1.063311   1.013580   1.033364
 339   1.208815   0.973861   1.164357   1.159406   1.108752   1.106069   1.101191
 340   1.288038   0.978980   1.226360   1.142982   1.179864   1.130309   1.110361
 341   1.385936   0.969887   1.287306   1.060195   1.233654   1.197793   1.132279
 342   1.447098   1.038566   1.221349   1.108351   1.260528   1.259925   1.197441
 343   1.443500   1.037795   1.159940   1.099991   1.184825   1.239801   1.131924
 344   1.379560   1.101528   1.151569   1.037561   1.122273   1.289983   1.150081
 345   1.358536   1.121332   1.138975   1.124104   1.104250   1.240965   1.130407
 346   1.252517   1.058758   1.110961   1.081957   1.073110   1.175468   1.106848
 347   1.302907   1.071011   1.056195   1.114328   1.025412   1.137017   1.067775
 348   1.143578   0.962239   1.004091   0.961575   0.992635   1.058174   1.021709
 349   1.044409   0.930189   0.983935   0.978530   0.983282   0.995988   0.992227
 350   1.093666   1.012777   1.017442   1.067909   1.027073   1.022095   1.040749
 351   1.191588   1.064540   1.031647   1.099957   1.076343   1.061333   1.110213
 352   1.346876   1.166862   0.970123   1.250967   1.039302   1.091738   1.101094
 353   1.198242   1.107523   0.924775   1.073931   0.909983   1.106073   1.009918
 354   1.233091   1.023904   0.816366   1.145336   0.934280   0.962830   0.975061
 355   1.434751   1.168006   0.833712   1.554662   1.107741   0.993509   1.206482
 356   1.206656   1.005888   0.825857   1.215502   1.107260   0.961559   1.145345
 357   0.996871   0.918467   0.804844   1.050796   0.932735   0.853324   0.956061
 358   0.913806   0.890292   0.829153   0.937933   0.941705   0.858004   0.940917
 359   0.891113   0.896435   0.907516   0.919178   0.965748   0.892101   0.931715
 360   0.851832   0.841658   0.916263   0.882448   0.951523   0.888883   0.911985
 361   0.813056   0.876519   0.924649   0.877377   0.933385   0.895202   0.903391
 362   0.772250   0.867651   0.904480   0.869054   0.900761   0.891875   0.890588
 363   0.833046   0.899147   0.918907   0.866123   0.900409   0.892776   0.879159
 364   0.842870   0.910653   0.911965   0.863264   0.962048   0.884157   0.872245
 365   0.843761   1.027260   0.917002   0.893179   0.968523   0.887022   0.880974
 366   0.892150   0.953518   0.889563   0.899459   0.966462   0.885522   0.907296
 367   0.882638   0.960791   0.859877   0.932536   0.950307   0.888017   0.947426
 368   0.988586   0.908823   0.806339   0.979786   0.993514   0.861179   1.001587
 369   0.955987   0.934460   0.752166   1.005153   0.927926   0.851268   0.970689
 370   1.073582   1.060203   0.711179   1.126999   0.998247   0.917843   1.050902
 371   1.051258   1.236746   0.753536   1.244863   0.966360   1.014245   1.112356
 372   1.136892   1.264366   0.802990   1.242913   1.030605   1.043531   1.150194
 373   1.063634   1.281295   0.899178   1.318648   0.987584   1.042845   1.158703
 374   1.123555   1.276754   0.966330   1.352752   1.015569   1.032809   1.152103
 375   1.074272   1.224561   0.969861   1.264783   1.032586   1.019984   1.123055
 376   1.059943   1.036873   1.006965   1.179848   1.071414   0.980907   1.081627
 377   1.011993   0.935971   1.008666   1.041961   1.085161   0.989372   1.038834
 378   1.024490   0.903489   0.991654   1.008103   1.083734   0.999333   1.042375
 379   0.949145   0.884643   0.992674   0.948233   1.078016   1.025403   1.053155
 380   0.954325   0.875369   1.007573   0.924838   1.085024   1.062642   1.066566
 381   0.983527   0.870433   1.038033   0.900637   1.104376   1.071482   1.083487
 382   1.070251   0.889463   1.092967   0.887883   1.150586   1.132423   1.128201
 383   1.137454   0.913474   1.086377   0.887628   1.105582   1.149452   1.095400
 384   1.272255   0.912722   1.118011   0.912586   1.138996   1.163282   1.102711
 385   1.317371   0.910489   1.138499   0.975644   1.156748   1.178888   1.095565
 386   1.389958   0.991178   1.194104   1.041239   1.186654   1.267350   1.141992
 387   1.467030   0.969367   1.229706   0.983970   1.239304   1.294382   1.167193
 388   1.466822   0.997491   1.231021   1.033949   1.277723   1.272755   1.192767
 389   1.321101   0.978666   1.181352   1.073759   1.192044   1.199247   1.146493
 390   1.277271   0.941319   1.213897   1.060428   1.176050   1.139625   1.105329
 391   1.195869   0.988316   1.210284   1.140596   1.111434   1.155743   1.126735
 392   1.145158   1.097046   1.161109   1.141221   1.088787   1.164296   1.120428
 393   0.957341   1.129788   1.013644   1.128033   0.927151   1.103872   1.052883
 394   0.901681   0.862905   0.993770   0.913919   0.855462   0.951018   0.890780
 395   0.883494   0.821126   0.964877   0.861520   0.814936   0.921701   0.840965
 396   0.953967   0.820358   0.978793   0.906568   0.837548   0.911110   0.861995
 397   0.927366   0.818811   0.961271   0.884166   0.813468   0.912461   0.834675
 398   0.903379   0.833363   0.973910   0.885299   0.814054   0.935660   0.835658
 399   0.912789   0.842635   0.981351   0.882109   0.835105   0.964767   0.846380
 400   0.900532   0.860297   0.973967   0.906416   0.858211   0.975324   0.870346
 401   0.873574   0.836748   0.978467   0.886197   0.853622   0.989541   0.869847
 402   0.882077   0.823210   0.983042   0.880898   0.819969   0.969104   0.854424
 403   0.935277   0.822000   1.003899   0.881006   0.827269   0.970040   0.845025
 404   0.943816   0.832947   0.988133   0.884987   0.796762   0.944986   0.838326
 405   0.940959   0.829475   0.965380   0.902415   0.787458   0.923794   0.835140
 406   0.975542   0.828405   0.950149   0.923047   0.786692   0.897679   0.847074
 407   1.018344   0.866704   0.976450   0.958628   0.829261   0.926311   0.866598
 408   1.042839   0.854194   0.991612   0.966713   0.884115   0.918112   0.905367
 409   1.110289   1.020376   1.038065   1.109857   0.985965   1.037141   1.040138
 410   1.183364   0.951810   1.157888   1.092031   1.137629   1.085780   1.112156
 411   1.209733   0.930569   1.166363   1.096450   1.181204   1.101622   1.141703
 412   1.246264   0.927614   1.138499   1.054891   1.172917   1.087692   1.120378
 413   1.338486   0.975818   1.134747   1.121633   1.213903   1.137392   1.184829
 414   1.480869   1.014969   1.322006   1.154571   1.421338   1.299476   1.332386
 415   0.725564   1.034257   0.936516   0.941497   0.868093   0.843888   0.909014
 416   0.764605   1.027858   0.941058   0.929628   0.893223   0.880217   0.917207
 417   0.789821   1.001518   0.959361   0.947550   0.901570   0.891474   0.915398
 418   0.813613   1.109958   1.073093   0.987791   0.957358   1.028758   0.983820
 419   0.960743   1.163966   1.176828   1.181785   1.134685   1.155332   1.158036
 420   0.946761   1.121710   1.204437   1.059925   1.132028   1.151661   1.089461
 421   1.030973   1.152653   1.244304   1.087476   1.203581   1.192412   1.118622
 422   0.981771   1.107900   1.210263   1.009754   1.150347   1.173069   1.088004
 423   0.971033   1.090700   1.156999   0.988938   1.117559   1.093494   1.038480
 424   0.913655   1.085973   1.084511   0.938204   1.037315   1.035468   0.987561
 425   0.900075   1.026958   0.996396   0.889958   0.985220   0.895048   0.902164
 426   0.888708   1.039867   0.952885   0.872590   0.915056   0.866316   0.866955
 427   0.860992   1.106473   1.080623   0.894149   0.954421   1.026054   0.963961
 428   0.838218   1.052001   1.082504   0.830371   1.000318   1.002886   0.952365
 429   0.837483   1.019571   1.130229   0.927176   1.043751   1.058391   1.038505
 430   0.820747   0.997341   1.131241   0.870771   1.041907   1.053589   0.985129
 431   0.845521   1.038295   1.190658   0.905982   1.041454   1.132765   1.021167
 432   0.825190   1.017787   1.157056   0.888958   1.014046   1.071808   0.962590
 433   0.817204   1.047093   1.161078   0.905848   1.015347   1.092661   0.982564
 434   0.846099   1.035741   1.109030   0.922174   0.991314   1.053852   0.975966
 435   0.825981   1.047307   1.068412   0.931500   0.969865   1.016354   0.975132
 436   0.818260   1.029913   1.008298   0.988040   0.959332   0.960382   0.988342
 437   0.777040   1.057387   0.982222   1.017167   0.943987   0.938465   1.021002
 438   0.729540   1.096877   0.988947   1.044323   0.918678   0.962963   1.057043
 439   0.714225   1.146404   1.041078   1.063836   0.921451   1.001929   1.077308
 440   0.777710   1.160404   1.049386   1.085293   0.963735   0.974908   1.066760
 441   0.777917   1.212806   1.113774   1.071181   0.968020   1.046117   1.088985
 442   0.767014   1.252226   1.153410   1.071008   0.970221   1.128338   1.145606
 443   0.828914   1.267619   1.186039   1.124372   1.054051   1.163736   1.214831
 444   0.743531   1.199511   1.163190   1.078851   1.001150   1.124332   1.181484
 445   0.744547   1.093752   1.007412   1.072185   0.985109   0.988312   1.104824
 446   0.780021   1.050516   1.031103   1.030299   0.990179   0.993300   1.076527
 447   0.818125   1.040220   1.023810   1.011884   0.982157   1.000467   1.026228
 448   0.835243   0.982715   1.067662   0.944974   1.006649   0.986497   0.999459
 449   0.836878   0.976548   1.090745   0.912863   0.993515   1.012486   0.967362
 450   0.822924   0.945854   1.117506   0.861544   1.003106   1.008802   0.938745
 451   0.812886   0.945917   1.126637   0.853690   1.003586   1.030792   0.949700
 452   0.815781   0.989335   1.152637   0.871588   0.992316   1.065859   0.938308
 453   0.822129   0.997300   1.162358   0.880546   0.999945   1.082415   0.971044
 454   0.809834   0.941508   1.127734   0.860451   1.004417   1.034296   0.976923
 455   0.814704   0.881593   1.107094   0.859413   0.995450   0.994012   0.960313
 456   0.814850   0.834544   1.075090   0.839340   0.985448   0.958353   0.951704
 457   0.800598   0.812598   1.055329   0.792262   0.992684   0.909651   0.906040
 458   0.785302   0.837656   0.989696   0.706383   0.956009   0.805313   0.803001
 459   0.803377   0.860105   0.951906   0.697882   0.944017   0.716453   0.720786
 460   0.855172   0.861361   0.987996   0.735045   1.034706   0.707332   0.755755
 461   0.951919   0.787566   1.181531   0.718642   1.193821   0.863694   0.893873
 462   0.919263   0.845922   1.125978   0.876473   1.119657   0.830247   0.862989
 463   0.975202   1.022065   1.065435   0.950357   1.124808   0.811236   0.867636
 464   1.124403   0.931867   1.154380   0.933798   1.258281   0.982632   1.035518
 465   1.209195   0.867636   1.152301   1.007864   1.093063   0.995397   0.959815
 466   1.906454   1.196812   1.082034   1.746050   1.350694   1.108509   1.357896
 467   2.218363   1.900754   1.553743   2.081043   2.080940   1.699895   1.979498
 468   1.203490   1.505425   1.210614   1.470342   1.146690   1.415798   1.383834
 469   1.171227   1.263706   1.101159   1.185589   1.124340   1.271548   1.188531
 470   1.000998   1.056713   0.896695   1.172974   0.997885   0.876450   1.014002
 471   0.849111   1.027374   0.926035   1.064564   0.947089   0.834867   0.955365
 472   0.766395   1.040264   0.989539   0.987330   0.924585   0.818830   0.905861
 473   0.790439   1.113581   0.997366   1.091774   0.994562   0.935301   1.082028
 474   0.815590   1.239992   1.164048   1.079716   1.075598   1.070408   1.140157
 475   0.810167   1.234640   1.133905   1.004472   1.025277   1.109709   1.116889
 476   0.784150   1.207837   1.106036   1.006466   0.973058   1.027685   1.067772
 477   0.811321   1.340272   1.259752   1.037753   1.045451   1.180413   1.104098
 478   0.912327   1.594626   1.323619   1.308369   1.079730   1.267479   1.250428
 479   0.995783   1.675352   1.507709   1.345890   1.107185   1.357230   1.270523
 480   0.806855   1.302417   1.263248   0.917628   1.077007   1.205712   1.068916
 481   0.808765   1.023848   1.182451   0.824575   0.977909   1.065002   0.925728
 482   0.767737   1.009165   1.110367   0.839994   0.933592   0.964166   0.876274
 483   0.836119   0.979427   1.138194   0.891233   0.960616   0.990577   0.868759
 484   0.795172   1.007628   1.078913   0.939970   0.922059   0.867806   0.855342
 485   0.779724   1.019037   1.081950   0.964107   0.927712   0.837429   0.868430
 486   0.753904   0.957883   1.123465   0.871105   0.945247   0.889122   0.823904
 487   0.774035   0.926965   1.112165   0.894708   0.947973   0.858475   0.794024
 488   0.786146   0.960021   1.095216   0.939668   0.941591   0.775532   0.780575
 489   0.792820   0.969252   1.094404   0.947181   0.941975   0.764026   0.772625
 490   0.791557   0.968306   1.116977   0.947383   0.966937   0.858419   0.820252
 491   0.802153   1.002497   1.113023   0.985522   0.952927   0.867032   0.864868
 492   0.833536   1.025688   1.090113   1.037158   1.025563   0.950925   0.994993
 493   1.058091   1.157967   1.155733   1.250751   1.127907   1.166261   1.226243
 494   1.337813   1.298695   1.161804   1.481773   1.334108   1.300733   1.467247
 495   1.269486   1.424124   1.106307   1.540893   1.352406   1.305954   1.522421
 496   1.248058   1.311795   0.995892   1.496830   1.210796   1.099123   1.344342
 497   1.155134   1.244701   0.836359   1.391105   1.030394   0.940569   1.149279
 498   1.130003   1.062734   0.817717   1.239475   1.014823   0.860489   1.065949
 499   1.026122   1.062740   0.707552   1.079375   0.884953   0.773774   0.904853
 500   0.938497   1.011290   0.729204   0.990640   0.875045   0.724346   0.846812
 501   0.889956   1.007925   0.717753   0.965012   0.828213   0.714133   0.811470
 502   0.875186   1.035911   0.701732   0.939907   0.775921   0.685815   0.777685
 503   0.895117   1.025910   0.690344   0.955575   0.760995   0.683558   0.781970
 504   0.913203   1.030738   0.732269   0.988219   0.783060   0.699465   0.810727
 505   0.977681   1.109885   0.745434   1.105689   0.840667   0.775609   0.915448
 506   0.957947   1.054341   0.861180   1.102797   0.939924   0.836413   0.965214
 507   0.983868   1.226139   0.839069   1.198048   0.948285   0.950115   1.067676
 508   1.242800   1.328157   1.132334   1.272068   1.095679   1.174828   1.123647
 509   1.612475   1.610480   1.214740   1.419015   1.278171   1.540480   1.344901
 510   1.969807   1.515361   1.393065   1.549356   1.361209   1.601046   1.311468
 511   1.191634   1.130799   1.212580   1.215487   1.034013   1.172592   1.058154
 512   0.947006   1.032007   1.085451   1.078862   1.034573   0.990807   0.972824
 513   0.813644   1.045149   1.048802   1.005158   0.942538   0.856062   0.837482
 514   0.773838   1.098551   1.038173   0.985638   0.943341   0.797385   0.806669
 515   0.741437   1.122208   1.044295   0.986988   0.921148   0.834752   0.826709
 516   0.708344   1.099590   1.016284   0.960744   0.919112   0.817154   0.817511
 517   0.718605   1.074590   0.986734   0.951959   0.896071   0.822387   0.843420
 518   0.701058   1.021243   0.946889   0.916266   0.863468   0.813026   0.839775
 519   0.739863   1.002404   0.950706   0.949742   0.890945   0.802841   0.844876
 520   0.843239   1.147919   1.025288   1.176419   0.934575   0.949547   0.995327
 521   1.338553   1.243609   1.182629   1.582365   1.216752   1.137050   1.249266
 522   1.300049   1.212019   1.171248   1.404075   1.254651   1.192739   1.234015
 523   1.425669   1.294038   1.264053   1.386710   1.395941   1.294449   1.305887
 524   1.235088   1.269750   1.207619   1.183208   1.273166   1.253942   1.186477
 525   1.160199   1.258417   1.214956   1.165982   1.229067   1.175410   1.128676
 526   1.007557   1.202311   1.020182   1.080518   1.052615   1.034780   1.040869
 527   0.957304   1.109173   0.952234   1.037113   0.956575   0.871590   0.929503
 528   0.935503   1.095086   0.870121   1.024700   0.887874   0.825444   0.907996
 529   0.885346   1.080300   0.808386   0.984236   0.837594   0.725038   0.838182
 530   0.893073   0.982476   0.797872   0.883214   0.820722   0.687482   0.769559
 531   0.809377   0.945332   0.801794   0.815917   0.806135   0.655474   0.730430
 532   0.762041   0.920954   0.847750   0.758360   0.823639   0.668716   0.730407
 533   0.768093   0.902189   0.842318   0.748202   0.840031   0.658523   0.719292
 534   0.781386   0.902240   0.818308   0.751801   0.838707   0.627622   0.702074
 535   0.772603   0.894772   0.865996   0.712444   0.903463   0.635727   0.696579
 536   0.779548   0.887827   0.860369   0.723305   0.892510   0.627518   0.681952
 537   0.768160   0.895763   0.888114   0.704440   0.887419   0.657369   0.691250
 538   0.785641   0.900067   0.894371   0.688948   0.929483   0.675543   0.711999
 539   0.833618   0.890310   0.937573   0.689531   1.003556   0.678137   0.726508
 540   0.789536   0.886085   0.909972   0.694882   1.007624   0.687213   0.770835
 541   0.824085   0.841129   0.900997   0.750491   1.006855   0.699754   0.855228
 542   0.794416   0.776522   0.902362   0.769593   1.000180   0.733461   0.897619
 543   0.785764   0.833105   0.959038   0.826053   0.986881   0.830426   0.921546
 544   0.884712   0.909885   0.907299   0.884891   0.985493   0.844130   0.943180
 545   0.801990   1.061495   1.054241   0.888366   0.994273   0.979135   0.963601
 546   0.930151   1.334631   1.170576   1.148494   1.067559   1.250445   1.211222
 547   0.959791   1.382381   1.197234   1.081091   1.114727   1.309485   1.191682
 548   0.975429   1.432499   1.227954   1.006346   1.063157   1.375054   1.131775
 549   1.038600   1.506023   1.168611   1.096664   1.061937   1.374171   1.141447
 550   1.019215   1.422226   1.139716   1.054712   1.042970   1.360836   1.116929
 551   1.085884   1.308762   1.137293   0.987083   1.020419   1.324466   1.094914
 552   1.051297   1.235286   1.157463   0.960274   1.074457   1.313365   1.177642
 553   1.023277   1.133713   1.160806   0.981593   1.049638   1.245426   1.153079
 554   0.945019   1.185950   1.093124   0.949578   0.932250   1.279681   1.162652
 555   0.868368   0.985245   1.061349   0.787376   0.848147   1.116388   1.004193
 556   0.855063   0.858236   1.033726   0.800616   0.938642   1.058209   0.999906
 557   0.899667   0.979074   1.080822   0.905346   0.970668   1.088609   1.033268
 558   1.020293   1.227237   1.063344   1.080637   1.006524   1.141785   1.066250
 559   1.177069   1.496719   0.988521   1.244079   1.021497   1.365870   1.279065
 560   1.162817   1.244594   0.925618   1.045986   0.887223   1.207444   1.069029
 561   1.037455   1.272652   0.811853   1.119511   0.899310   1.117969   1.070155
 562   1.267845   1.653174   0.871502   1.778934   1.177388   1.323727   1.513049
 563   1.035794   1.328879   0.836367   1.365143   0.951841   0.988910   1.082832
 564   0.934578   1.078110   0.804674   1.075924   0.977633   0.896070   1.009845
 565   0.834653   0.944790   0.784992   0.814403   0.924436   0.724528   0.801219
 566   0.818758   0.958774   0.891409   0.823737   1.003707   0.786598   0.885922
 567   0.758007   0.916534   0.889814   0.765648   0.977781   0.783626   0.880798
 568   0.783211   0.894631   0.927665   0.738717   1.032460   0.775434   0.906840
 569   0.786938   0.863729   0.901413   0.711388   1.036846   0.772633   0.930583
 570   0.873172   0.819127   0.931473   0.718965   1.122275   0.848305   1.021490
 571   0.867436   0.840926   0.942427   0.718508   1.122950   0.869236   1.011060
 572   0.985260   0.882546   0.979106   0.784676   1.195456   0.827656   1.011664
 573   0.907157   0.966463   0.903169   0.812253   1.107824   0.737791   0.891465
 574   0.888079   0.957481   0.867353   0.846376   1.028998   0.712299   0.845292
 575   0.925228   1.056903   0.816969   0.998612   0.997640   0.740335   0.896216
 576   0.962040   1.028722   0.781389   1.036522   0.940740   0.808173   0.930394
 577   1.090402   1.160067   0.743703   1.188826   0.931630   0.886315   0.985675
 578   1.308042   1.171690   0.803587   1.355842   1.067130   0.970353   1.133773
 579   1.299513   1.261296   0.820506   1.345882   1.014397   1.033616   1.101082
 580   1.331911   1.250117   0.957993   1.451530   1.181212   1.095148   1.275986
 581   1.285742   1.267134   1.043039   1.435408   1.218397   1.157834   1.332330
 582   1.186635   1.157121   1.008083   1.324265   1.147618   1.086623   1.272006
 583   0.916425   1.012870   1.099514   1.123628   1.082473   1.025325   1.154442
 584   0.814073   0.932815   1.125837   0.976148   1.001100   0.976400   0.962869
 585   0.789123   0.942902   1.114315   0.969582   0.990769   0.985787   0.946205
 586   0.774371   0.853653   1.107762   0.883822   0.995355   0.957385   0.868997
 587   0.767840   0.802624   1.109962   0.812024   1.001350   0.994959   0.874551
 588   0.765122   0.837091   1.131727   0.804832   0.970088   0.987769   0.851785
 589   0.802779   0.877200   1.171158   0.776395   0.988002   1.074293   0.893557
 590   0.823108   0.934451   1.167659   0.744444   0.989415   1.117393   0.929175
 591   0.828261   1.099656   1.186687   0.766575   0.992491   1.218336   1.009360
 592   0.821557   1.149804   1.191606   0.797786   1.019985   1.270423   1.093764
 593   0.933090   1.244885   1.220388   0.874781   1.071077   1.351846   1.154868
 594   0.921857   1.402836   1.245259   0.857347   1.064324   1.410620   1.114329
 595   0.950630   1.409143   1.219375   0.946180   1.073377   1.372726   1.086513
 596   0.902880   1.321539   1.210607   0.979566   1.068198   1.358061   1.141587
 597   0.888273   1.336253   1.218208   0.998699   1.014683   1.333904   1.126376
 598   0.946467   1.272717   1.299554   1.125814   1.126398   1.364332   1.266840
 599   1.131548   1.291656   1.264050   1.221541   1.240991   1.272455   1.282553
 600   1.166903   0.989886   1.075502   1.221655   1.284003   1.031120   1.251167
 601   0.842622   0.906048   1.081213   0.918766   1.045189   0.989535   1.032849
 602   0.816082   0.861175   1.071554   0.865985   1.061503   0.966233   0.998227
 603   0.791191   0.937352   1.064866   0.903870   1.079331   0.972766   1.051796
 604   0.814031   0.904963   1.052382   0.903612   1.103111   0.957808   1.041352
 605   0.848534   0.869377   1.061945   0.888431   1.087836   0.935223   0.990292
 606   0.859983   0.882501   1.056351   0.880090   1.090887   0.934626   0.974469
 607   0.871712   0.884809   1.017248   0.906535   1.046923   0.898131   0.948798
 608   0.853224   0.838981   1.037797   0.858036   1.034200   0.906463   0.936460
 609   0.849373   0.838314   1.067054   0.864729   1.046885   0.926518   0.948098
 610   0.826091   0.878705   1.093423   0.852194   1.020651   0.965902   0.944481
 611   0.850074   0.894882   1.089906   0.869886   1.042277   0.960223   0.957653
 612   0.846314   0.894653   1.070660   0.903086   1.042422   0.960486   0.982050
 613   0.827504   0.941725   1.057979   0.946673   1.043464   0.972065   1.030705
 614   0.848946   1.005812   1.073851   0.976772   1.046948   1.026765   1.068185
 615   0.805225   1.052641   1.067780   0.997173   1.027378   1.029843   1.100185
 616   0.948187   1.140556   1.080977   1.148544   1.135987   1.076077   1.219297
 617   0.874907   1.233269   1.262900   1.104142   1.087843   1.203943   1.220141
 618   0.863786   1.259240   1.296706   1.127111   1.067493   1.230307   1.198017
 619   0.875764   1.281552   1.215466   1.052661   1.023833   1.256264   1.132513
 620   0.951622   1.362372   1.202553   1.142521   1.066788   1.307279   1.185683
 621   1.033470   1.557154   1.452048   1.201134   1.135728   1.493850   1.209370
 622   1.086056   0.723199   0.684092   0.919364   0.848683   0.738045   0.887403
 623   1.072871   0.769456   0.692354   0.926769   0.888201   0.758732   0.902304
 624   1.027428   0.798597   0.748946   0.943038   0.901354   0.806651   0.915458
 625   1.143234   0.818951   0.871097   0.982474   1.034032   0.907098   1.004142
 626   1.209272   1.026499   1.018640   1.258356   1.137014   1.136835   1.204477
 627   1.117470   1.001027   1.063071   1.074974   1.101030   1.147722   1.105679
 628   1.152818   1.105381   1.154097   1.118188   1.126177   1.213228   1.114487
 629   1.062086   1.015402   1.131333   0.957249   1.073680   1.182206   1.062935
 630   1.059666   0.950209   1.091030   0.915998   0.969079   1.105087   0.970012
 631   1.042724   0.838134   0.988883   0.837541   0.863579   0.984539   0.861269
 632   1.003535   0.795604   0.893149   0.791655   0.709995   0.897419   0.745841
 633   1.013915   0.780621   0.824478   0.781366   0.697973   0.807760   0.699954
 634   1.048811   0.776134   0.949391   0.782457   0.807552   0.862881   0.778129
 635   0.999266   0.781027   0.966228   0.705133   0.794089   0.917507   0.789111
 636   0.961009   0.796157   1.045344   0.801242   0.900830   1.004167   0.921459
 637   0.915759   0.777583   1.037614   0.745969   0.914241   1.005996   0.883783
 638   0.951596   0.829061   1.109048   0.802886   1.033534   1.051271   0.972302
 639   0.953556   0.799255   1.045116   0.813739   0.985009   0.988089   0.905008
 640   0.998732   0.813276   1.034786   0.847379   1.044532   1.007595   0.965195
 641   0.991653   0.827588   0.957413   0.876742   1.014632   0.947387   0.954619
 642   1.038588   0.829875   0.895438   0.898761   1.012162   0.911721   0.969342
 643   1.023975   0.827454   0.820041   0.968505   0.951868   0.869309   0.966086
 644   1.074518   0.789836   0.769655   1.003469   0.936093   0.850026   0.998425
 645   1.130867   0.738862   0.800422   1.022910   0.963024   0.858079   1.041079
 646   1.218570   0.728696   0.888552   1.049116   1.017491   0.866742   1.053149
 647   1.275274   0.823133   0.910229   1.120330   0.993810   0.916083   1.057104
 648   1.329935   0.824048   1.016599   1.085472   1.069955   0.930349   1.064050
 649   1.357733   0.803152   1.086417   1.043659   1.167014   0.947843   1.129363
 650   1.393011   0.903700   1.140967   1.139248   1.232305   1.064589   1.245281
 651   1.269988   0.776878   1.089536   1.052993   1.169111   1.010285   1.201001
 652   1.120201   0.783125   0.848778   1.052761   1.003570   0.925423   1.100458
 653   1.029137   0.789679   0.870455   0.984662   0.972680   0.930336   1.049182
 654   1.001592   0.827778   0.862716   0.965281   0.983398   0.894989   0.999802
 655   0.915968   0.823985   0.906646   0.887731   0.936828   0.927041   0.954210
 656   0.888944   0.799385   0.944748   0.839976   0.942292   0.923887   0.904596
 657   0.840476   0.785075   0.991004   0.760102   0.939493   0.949897   0.872596
 658   0.835406   0.758099   1.011611   0.730608   0.941576   0.953713   0.868418
 659   0.893966   0.791139   1.051991   0.760255   0.997592   0.973650   0.876713
 660   0.905997   0.793585   1.073075   0.766255   0.990902   0.977737   0.898064
 661   0.844435   0.767849   1.025620   0.734219   0.908149   0.950777   0.872746
 662   0.758499   0.757057   0.987906   0.728951   0.867925   0.910891   0.839874
 663   0.692960   0.745429   0.947580   0.703592   0.818042   0.885787   0.819995
 664   0.693388   0.719324   0.923263   0.655472   0.751247   0.887748   0.763079
 665   0.769175   0.727179   0.824603   0.619533   0.645563   0.810691   0.644349
 666   0.795574   0.731291   0.793607   0.635070   0.567026   0.797530   0.573495
 667   0.785241   0.795403   0.825009   0.672001   0.560844   0.886478   0.604424
 668   0.703088   0.897500   1.046979   0.647347   0.711764   1.082115   0.760731
 669   0.805668   0.842692   1.009555   0.852998   0.703626   0.975475   0.694006
 670   1.026999   0.925227   0.924502   0.941438   0.646095   0.972402   0.685991
 671   0.937154   1.152223   1.168095   0.909339   0.894198   1.266205   0.953811
 672   0.833212   1.198184   1.192239   1.017067   0.978907   1.027631   0.879077
 673   1.276098   2.057849   1.181680   1.844608   1.163258   1.282989   1.329732
 674   2.134835   2.605296   1.758448   2.323193   1.994557   2.281580   2.219149
 675   1.668177   1.351973   1.246298   1.639306   1.669239   1.197557   1.557954
 676   1.299609   1.257207   1.217704   1.179101   1.375853   1.145332   1.194583
 677   1.139418   1.166058   0.802795   1.293433   0.964060   0.994010   1.106812
 678   1.114180   0.998563   0.822765   1.141247   0.934587   0.976097   1.074268
 679   1.143705   0.869530   0.852576   1.039699   0.853954   0.901973   0.953574
 680   1.213782   0.878886   0.887783   1.140300   0.993342   0.996530   1.139989
 681   1.402462   0.925851   1.178686   1.133157   1.179254   1.122210   1.192812
 682   1.353959   0.890147   1.107916   1.003459   1.184941   1.048392   1.111921
 683   1.331268   0.861233   1.059811   1.031082   1.099461   0.951811   1.062174
 684   1.473707   0.863989   1.322747   1.072888   1.325418   1.068931   1.119970
 685   1.892906   0.994070   1.379815   1.504065   1.483644   1.114085   1.399388
 686   2.072006   1.104108   1.719525   1.604763   1.613900   1.155349   1.425628
 687   1.530693   0.881432   1.308134   1.006702   1.359465   1.100135   1.101787
 688   1.139969   0.890454   1.183983   0.867275   1.115006   0.960277   0.908444
 689   1.098224   0.835773   1.044120   0.857573   0.959924   0.889333   0.861330
 690   1.088843   0.960071   1.073058   0.945979   1.001930   0.937663   0.892310
 691   1.116808   0.888959   0.953566   0.986759   0.864338   0.894140   0.891809
 692   1.110923   0.841434   0.942508   0.995821   0.791708   0.884840   0.859388
 693   1.038089   0.828326   1.011995   0.887829   0.824823   0.908379   0.813781
 694   1.011352   0.854192   0.975529   0.920010   0.820240   0.902560   0.815235
 695   1.042675   0.834379   0.923022   0.961431   0.718329   0.873571   0.788174
 696   1.053404   0.830007   0.914762   0.963506   0.704440   0.857391   0.772326
 697   1.059419   0.844779   0.955149   0.968384   0.820514   0.919461   0.849077
 698   1.098590   0.864974   0.945394   1.024339   0.859246   0.922603   0.918850
 699   1.125948   0.951382   0.939068   1.104474   0.965814   1.023964   1.069968
 700   1.240682   1.257635   1.065595   1.400640   1.208125   1.196052   1.337036
 701   1.376699   1.639512   1.128512   1.644837   1.371638   1.434044   1.571811
 702   1.508827   1.518529   1.108306   1.677112   1.363448   1.484623   1.591647
 703   1.370084   1.411772   0.978114   1.548650   1.099227   1.258968   1.329038
 704   1.285332   1.211894   0.779937   1.387780   0.903176   0.995775   1.080831
 705   1.036847   1.107581   0.775943   1.164588   0.789509   0.945422   0.949076
 706   1.041028   0.938360   0.622656   0.993278   0.704170   0.767412   0.773956
 707   0.967347   0.808260   0.642148   0.878112   0.638208   0.755787   0.693218
 708   0.956764   0.772925   0.604895   0.862900   0.626715   0.697342   0.664520
 709   0.972701   0.756290   0.584733   0.836730   0.604670   0.663860   0.634436
 710   0.966421   0.776156   0.564868   0.845307   0.612405   0.642511   0.645878
 711   0.972578   0.799344   0.617125   0.863313   0.596001   0.666719   0.650603
 712   1.085370   0.911504   0.634813   1.016159   0.681183   0.734399   0.780806
 713   1.025255   0.892971   0.785883   1.027253   0.712469   0.868822   0.842098
 714   1.243115   0.944267   0.776432   1.179400   0.908446   0.922115   1.021399
 715   1.391093   1.311810   1.227568   1.333015   1.211391   1.127681   1.122855
 716   1.813479   1.949579   1.377649   1.571933   1.851562   1.440908   1.504831
 717   1.752412   2.389164   1.536258   1.825761   1.938518   1.434938   1.473423
 718   1.252211   1.338782   1.176325   1.362932   1.231462   1.053205   1.139678
 719   1.122748   1.035049   0.943185   1.127909   1.036090   1.014747   1.041713
 720   1.131568   0.835840   0.863509   1.030178   0.867763   0.880729   0.875067
 721   1.182616   0.764748   0.815398   0.972492   0.809526   0.835923   0.809550
 722   1.198135   0.717034   0.796879   0.964625   0.824026   0.796398   0.803166
 723   1.170735   0.675165   0.740672   0.931048   0.788017   0.745227   0.763415
 724   1.131835   0.697082   0.700997   0.923364   0.814723   0.724568   0.812134
 725   1.067837   0.683160   0.682029   0.894279   0.829074   0.718816   0.823402
 726   1.034831   0.755705   0.728294   0.932192   0.834147   0.808353   0.864697
 727   1.236486   0.877406   0.840310   1.259922   0.983446   0.911629   1.075960
 728   1.373024   1.515323   1.145963   1.794348   1.235726   1.262180   1.378741
 729   1.272265   1.465692   1.083589   1.555364   1.221454   1.300511   1.290020
 730   1.353992   1.677483   1.209175   1.557888   1.302304   1.426447   1.371421
 731   1.281018   1.370579   1.166934   1.225327   1.221460   1.349122   1.213740
 732   1.269217   1.193440   1.216888   1.177220   1.105358   1.247511   1.094618
 733   1.180866   0.947342   0.938272   1.025011   0.908085   1.025448   0.951040
 734   1.085042   0.867536   0.853267   0.956836   0.716086   0.884787   0.799190
 735   1.039251   0.831616   0.741344   0.902300   0.695372   0.792023   0.740196
 736   1.009847   0.790636   0.664413   0.857159   0.626985   0.723224   0.667910
 737   0.909447   0.783841   0.660760   0.772048   0.562173   0.693734   0.599418
 738   0.860142   0.730361   0.652962   0.738461   0.536358   0.675234   0.570417
 739   0.839977   0.711572   0.710417   0.704390   0.533422   0.696123   0.571226
 740   0.811817   0.720389   0.700504   0.698817   0.545810   0.707775   0.577795
 741   0.807115   0.714682   0.665789   0.695773   0.513670   0.697215   0.554017
 742   0.803978   0.704498   0.704836   0.667875   0.519722   0.759096   0.555184
 743   0.805224   0.713553   0.695719   0.671918   0.496552   0.744814   0.534522
 744   0.823580   0.717138   0.733229   0.657896   0.527146   0.742816   0.549399
 745   0.820510   0.742308   0.741335   0.651571   0.566931   0.781446   0.584837
 746   0.809694   0.781469   0.776979   0.651640   0.566032   0.849167   0.598622
 747   0.794149   0.734175   0.748239   0.648197   0.572390   0.871974   0.631407
 748   0.772926   0.748772   0.752573   0.700318   0.564028   0.878132   0.683236
 749   0.692637   0.755215   0.786226   0.708980   0.605118   0.901555   0.737524
 750   0.766318   0.741285   0.871707   0.754800   0.717176   0.913635   0.781304
 751   0.878056   0.853454   0.849692   0.825932   0.751004   0.914192   0.799188
 752   1.050697   0.781129   1.041628   0.860529   0.919409   0.974265   0.864329
 753   1.346740   0.963227   1.224411   1.174835   1.313086   1.104567   1.249507
 754   1.409068   0.981783   1.284397   1.095425   1.403039   1.163648   1.229810
 755   1.487264   0.998810   1.351735   1.007914   1.507765   1.084501   1.175518
 756   1.576402   1.081504   1.288519   1.082806   1.518853   1.117611   1.193902
 757   1.449590   1.079566   1.228828   1.041439   1.456657   1.095653   1.156665
 758   1.372270   1.175541   1.230315   1.003138   1.438783   1.123666   1.175041
 759   1.305128   1.156275   1.241230   1.012166   1.412862   1.202215   1.261665
 760   1.152592   1.149831   1.198863   1.046152   1.289400   1.163704   1.228351
 761   1.191226   1.064274   1.157463   1.005393   1.325837   1.100409   1.260415
 762   0.960637   0.998478   1.033707   0.816788   1.114317   0.964967   1.055713
 763   0.814466   0.937183   1.005717   0.829496   1.058678   1.011328   1.024921
 764   0.969578   1.009179   1.063143   0.983678   1.092939   1.036809   1.081714
 765   1.336135   1.115908   1.065578   1.214886   1.242919   1.081379   1.192588
 766   1.684525   1.248917   1.128319   1.422823   1.623605   1.130613   1.541606
 767   1.306257   1.129197   1.087722   1.080175   1.393877   0.940241   1.205394
 768   1.330293   0.969051   0.960106   1.143660   1.281070   0.934723   1.163551
 769   1.769395   1.325365   1.051464   1.917881   1.573322   1.298357   1.712358
 770   1.341726   0.953359   0.841557   1.314560   0.974509   0.873185   1.009499
 771   1.011341   0.829302   0.761115   0.970494   0.831276   0.857609   0.864872
 772   0.907520   0.723295   0.722783   0.744122   0.659854   0.798063   0.657945
 773   0.916083   0.741791   0.795859   0.754896   0.665723   0.904299   0.716005
 774   0.867244   0.694950   0.792315   0.714946   0.657606   0.879496   0.710541
 775   0.846233   0.716172   0.786921   0.701264   0.612187   0.912230   0.716519
 776   0.802025   0.751842   0.755366   0.672968   0.608630   0.920485   0.747955
 777   0.731250   0.761568   0.731583   0.642069   0.611420   0.940691   0.785402
 778   0.767184   0.781475   0.784469   0.656396   0.664162   0.962619   0.820831
 779   0.817075   0.895941   0.811564   0.723747   0.647979   1.052419   0.818343
 780   0.903760   0.787159   0.757614   0.724349   0.621405   0.950834   0.694199
 781   0.905112   0.779705   0.743942   0.772452   0.603894   0.886062   0.657276
 782   1.001421   0.798002   0.699148   0.884497   0.651156   0.831269   0.701169
 783   0.968147   0.842932   0.723929   0.927769   0.726627   0.832029   0.780920
 784   1.143929   1.017923   0.709261   1.119526   0.850149   0.832108   0.880622
 785   1.166076   1.366743   0.843569   1.335526   0.990168   1.049883   1.083669
 786   1.306753   1.387085   0.851588   1.367404   1.081173   1.002616   1.086802
 787   1.298554   1.500397   0.988528   1.491759   1.155866   1.247533   1.300038
 788   1.321353   1.556372   1.039781   1.543460   1.200116   1.338102   1.382638
 789   1.229388   1.425912   0.951781   1.451586   1.148252   1.253306   1.367284
 790   1.062458   1.086302   0.991260   1.230267   1.035305   1.130660   1.211625
 791   0.999317   0.929784   0.999753   1.034178   0.980673   1.008526   1.017181
 792   1.024180   0.869983   0.978463   1.009858   0.969204   0.981038   0.982872
 793   0.927191   0.855368   0.984540   0.906080   0.920894   0.966525   0.874500
 794   0.849943   0.871525   1.018411   0.827912   0.958539   0.982265   0.866529
 795   0.903658   0.869611   1.051109   0.828496   0.955261   0.948687   0.847844
 796   0.963507   0.924573   1.147236   0.813282   1.075366   0.980469   0.881483
 797   0.999608   0.944139   1.142066   0.771961   1.144588   0.986989   0.931909
 798   1.194681   0.937100   1.196660   0.796918   1.282831   1.001840   1.010676
 799   1.179791   0.917806   1.219052   0.828376   1.322397   1.073399   1.097642
 800   1.271376   1.035080   1.292667   0.901849   1.434056   1.168942   1.188444
 801   1.458665   1.018941   1.330376   0.874164   1.531511   1.146654   1.152272
 802   1.503174   1.051420   1.297031   0.988487   1.493667   1.123707   1.139347
 803   1.411563   1.038225   1.315189   1.026655   1.452309   1.144021   1.186158
 804   1.405346   0.966106   1.349718   1.034101   1.418016   1.079729   1.176690
 805   1.304491   1.018202   1.461394   1.145528   1.447325   1.212492   1.317443
 806   1.362769   1.229225   1.380795   1.243629   1.344849   1.339086   1.312466
 807   0.962554   1.279648   1.048765   1.223300   1.000027   1.287899   1.198360
 808   0.783006   0.816899   1.002235   0.815810   0.918052   0.995861   0.930712
 809   0.693937   0.763952   0.951353   0.741789   0.879777   0.987168   0.896411
 810   0.809798   0.760826   0.912924   0.783144   0.899538   0.980887   0.961423
 811   0.759682   0.779518   0.898474   0.783460   0.872364   0.986126   0.949870
 812   0.696129   0.805559   0.910665   0.760304   0.829464   0.972817   0.885544
 813   0.708752   0.812714   0.913781   0.744420   0.835083   0.984861   0.871248
 814   0.692756   0.811713   0.850679   0.751631   0.773125   0.921532   0.820203
 815   0.658577   0.776584   0.877565   0.712067   0.774211   0.905802   0.800905
 816   0.661802   0.772802   0.907204   0.718434   0.796323   0.923940   0.818384
 817   0.728688   0.764348   0.958222   0.717483   0.865256   0.930955   0.842245
 818   0.754018   0.805156   0.955119   0.756149   0.873188   0.956067   0.872250
 819   0.747113   0.799629   0.919442   0.793233   0.861346   0.940505   0.888013
 820   0.831192   0.805142   0.902561   0.860301   0.901325   0.943472   0.962394
 821   0.911320   0.853796   0.947734   0.891504   0.977441   0.983517   1.012740
 822   0.999154   0.825239   0.956182   0.931056   1.013382   0.976283   1.060974
 823   1.156708   1.063220   1.027538   1.147075   1.098660   1.105567   1.200783
 824   1.292200   0.954450   1.274223   1.098434   1.253132   1.139779   1.252028
 825   1.349136   0.943535   1.342423   1.145657   1.302727   1.105695   1.229336
 826   1.365964   0.952506   1.286064   1.070443   1.337943   1.038355   1.163088
 827   1.495840   1.080210   1.256807   1.235988   1.421081   1.105941   1.274002
 828   1.754534   1.150026   1.685795   1.327244   1.747820   1.246244   1.308319
