 1  1.13059747
 2  1.10362401
 3  0.989357347
 4  0.974731137
 5  0.87906844
 6  0.857092504
 7  0.747398609
 8  0.778805872
 9  0.726179718
 10  0.699811694
 11  0.680975295
 12  0.700513385
 13  0.718413626
 14  0.734043525
 15  0.796102431
 16  0.759168333
 17  0.819245954
 18  0.81481449
 19  0.887641311
 20  0.918281779
 21  1.0055442
 22  1.01745297
 23  1.04222381
 24  1.02209514
 25  1.04215666
 26  0.967038581
 27  0.995767345
 28  0.97624834
 29  0.855525921
 30  0.891779655
 31  0.915412908
 32  0.920754238
 33  0.916280579
 34  0.957356411
 35  0.893419239
 36  0.911106493
 37  0.867328004
 38  0.916227606
 39  0.890566483
 40  0.828145855
 41  0.85837445
 42  0.852692964
 43  0.756392848
 44  0.705342051
 45  0.648067286
 46  0.626165264
 47  0.636720297
 48  0.573010877
 49  0.559028721
 50  0.58410432
 51  0.584653061
 52  0.559221578
 53  0.568164508
 54  0.653092954
 55  0.574986345
 56  0.69120652
 57  0.698285101
 58  0.805255288
 59  0.815841568
 60  0.77466651
 61  0.841690746
 62  0.823705622
 63  0.875193107
 64  0.939859892
 65  0.872057813
 66  0.7811064
 67  0.789922943
 68  0.794559405
 69  0.753810571
 70  0.773818775
 71  0.883607894
 72  0.899571115
 73  0.879138549
 74  0.975272414
 75  1.06586593
 76  1.00102444
 77  0.884073562
 78  0.773338463
 79  0.736796681
 80  0.627164269
 81  0.646190961
 82  0.63238321
 83  0.637959754
 84  0.599112178
 85  0.630402363
 86  0.601545028
 87  0.626564465
 88  0.645856919
 89  0.679251648
 90  0.64475441
 91  0.653827654
 92  0.630225643
 93  0.622575783
 94  0.6441084
 95  0.701836891
 96  0.679321989
 97  0.78267116
 98  0.790054295
 99  0.950990058
 100  1.04960373
 101  1.21154402
 102  1.31362598
 103  1.24278788
 104  1.12916723
 105  0.984401915
 106  0.953114962
 107  0.812719321
 108  0.823305516
 109  0.701955887
 110  0.735361618
 111  0.655817543
 112  0.643527798
 113  0.644287889
 114  0.657262306
 115  0.689075796
 116  0.702142145
 117  0.730291406
 118  0.737623396
 119  0.765386042
 120  0.707586642
 121  0.662382682
 122  0.631336979
 123  0.674720387
 124  0.701979153
 125  0.66257681
 126  0.659859987
 127  0.600310153
 128  0.621872228
 129  0.592661056
 130  0.576418263
 131  0.565634196
 132  0.610632493
 133  0.566371482
 134  0.556878629
 135  0.524635782
 136  0.501649707
 137  0.537867419
 138  0.576582814
 139  0.623411779
 140  0.650774641
 141  0.71248355
 142  0.687401818
 143  0.679604093
 144  0.619845745
 145  0.601302783
 146  0.557805919
 147  0.535089027
 148  0.498596399
 149  0.478625254
 150  0.498479122
 151  0.525741418
 152  0.553607021
 153  0.574635624
 154  0.593928986
 155  0.645517412
 156  0.767430811
 157  0.646008648
 158  0.631534416
 159  0.584475049
 160  0.576126058
 161  0.536108275
 162  0.533625024
 163  0.558046384
 164  0.561692059
 165  0.612848677
 166  0.620112459
 167  0.61312458
 168  0.608205188
 169  0.700733187
 170  0.780113363
 171  0.878760222
 172  0.91800026
 173  0.889525184
 174  0.851136511
 175  0.811740497
 176  0.738958486
 177  0.699340075
 178  0.653716845
 179  0.556576253
 180  0.554975726
 181  0.581675783
 182  0.607944635
 183  0.62159978
 184  0.635850163
 185  0.657349026
 186  0.671132236
 187  0.731106952
 188  0.783501726
 189  0.89186926
 190  0.949058294
 191  0.946117318
 192  0.981060064
 193  0.967832025
 194  0.89632832
 195  0.864311023
 196  0.900118695
 197  0.941258529
 198  0.8930844
 199  0.916853629
 200  0.813619391
 201  0.814053251
 202  0.75008621
 203  0.770188606
 204  0.719376973
 205  0.730917558
 206  0.698150542
 207  0.696284054
 208  1.20518637
 209  1.17839439
 210  1.08855494
 211  1.12716555
 212  1.01687237
 213  1.04486766
 214  0.878037999
 215  0.918846132
 216  0.797283469
 217  0.774829231
 218  0.711122211
 219  0.748417163
 220  0.806144226
 221  0.847445158
 222  0.965087088
 223  0.982021332
 224  1.07006887
 225  1.04564185
 226  1.1214547
 227  1.08326126
 228  1.13740758
 229  1.09903924
 230  1.12426262
 231  1.09773502
 232  1.12449425
 233  1.03151346
 234  1.13511026
 235  1.16554358
 236  0.978551514
 237  1.00383601
 238  0.992568533
 239  1.01634112
 240  1.01945998
 241  1.08340661
 242  1.05894595
 243  1.15197767
 244  1.14406681
 245  1.28274664
 246  1.26448613
 247  1.15370503
 248  1.17516391
 249  1.16258533
 250  0.941863218
 251  0.830698783
 252  0.701667428
 253  0.640571749
 254  0.641300246
 255  0.56138814
 256  0.517779633
 257  0.566697999
 258  0.56597498
 259  0.525501977
 260  0.535181772
 261  0.686940695
 262  0.508531565
 263  0.69544062
 264  0.71287968
 265  0.832259251
 266  0.85950603
 267  0.867466828
 268  1.03643072
 269  1.046734
 270  1.23277858
 271  1.31687064
 272  1.31888389
 273  1.08157024
 274  0.998769968
 275  0.941396951
 276  0.831253099
 277  0.800390478
 278  0.944997712
 279  0.982143639
 280  0.926593074
 281  1.02504944
 282  1.14079338
 283  1.06954437
 284  0.926328465
 285  0.742639248
 286  0.659008727
 287  0.545065972
 288  0.568684614
 289  0.579958004
 290  0.595758493
 291  0.590656407
 292  0.62564123
 293  0.624745102
 294  0.65819983
 295  0.67848813
 296  0.685529311
 297  0.659113831
 298  0.642189429
 299  0.623664119
 300  0.59985237
 301  0.594879738
 302  0.605823428
 303  0.63908392
 304  0.777705417
 305  0.799375258
 306  1.0195345
 307  1.12553213
 308  1.32549434
 309  1.41617513
 310  1.30364669
 311  1.22032826
 312  1.06606718
 313  1.07803143
 314  0.875129752
 315  0.928191059
 316  0.747060469
 317  0.741089738
 318  0.658389292
 319  0.659252712
 320  0.658528881
 321  0.665016179
 322  0.698419966
 323  0.69664579
 324  0.753048279
 325  0.769645569
 326  0.802685922
 327  0.741275862
 328  0.727203317
 329  0.666749945
 330  0.721433467
 331  0.75573604
 332  0.702691034
 333  0.737697524
 334  0.641863548
 335  0.615526607
 336  0.596541528
 337  0.542456547
 338  0.617885169
 339  0.680771883
 340  0.622779325
 341  0.644929534
 342  0.528974344
 343  0.566915834
 344  0.547334233
 345  0.594101558
 346  0.623783625
 347  0.611872546
 348  0.654862344
 349  0.662100677
 350  0.626244488
 351  0.567317925
 352  0.54556723
 353  0.51408877
 354  0.521544308
 355  0.512757836
 356  0.543280906
 357  0.516519925
 358  0.564975734
 359  0.574659921
 360  0.638647684
 361  0.688911935
 362  0.743972729
 363  0.855978803
 364  0.760877748
 365  0.681015651
 366  0.640467417
 367  0.626447921
 368  0.585550153
 369  0.561140513
 370  0.565936959
 371  0.549966894
 372  0.568284047
 373  0.558889841
 374  0.54486594
 375  0.517409284
 376  0.595164651
 377  0.767131367
 378  0.911867427
 379  0.980408561
 380  0.97058774
 381  0.938846108
 382  0.980618683
 383  0.845758604
 384  0.855856368
 385  0.861798373
 386  0.743682214
 387  0.70556746
 388  0.701836904
 389  0.652144792
 390  0.757401163
 391  0.691031531
 392  0.745017014
 393  0.684414576
 394  0.836298901
 395  0.860118562
 396  1.04698785
 397  1.08763228
 398  1.08997902
 399  1.18213886
 400  1.20998655
 401  1.08370761
 402  1.02051131
 403  1.14480881
 404  1.13626221
 405  1.02508108
 406  1.02596691
 407  0.89697514
 408  0.914438574
 409  0.813970493
 410  0.892576097
 411  0.831710999
 412  0.945128964
 413  0.902556356
 414  1.04525668
 415  1.67105106
 416  1.59904526
 417  1.36233863
 418  1.3349096
 419  1.14570629
 420  1.07694947
 421  0.893437234
 422  0.868404581
 423  0.790654594
 424  0.785641886
 425  0.736219587
 426  0.774085068
 427  0.804710592
 428  0.835103203
 429  0.91333598
 430  0.935450717
 431  0.986244081
 432  1.04891805
 433  1.17778135
 434  1.23558993
 435  1.39498649
 436  1.42119919
 437  1.48276491
 438  1.43136809
 439  1.49936839
 440  1.35331583
 441  1.44805301
 442  1.41913391
 443  1.15797966
 444  1.20883166
 445  1.22216414
 446  1.25301982
 447  1.24371435
 448  1.32647333
 449  1.20434478
 450  1.2518425
 451  1.16230953
 452  1.21975559
 453  1.13369292
 454  1.06489802
 455  1.15644597
 456  1.15575589
 457  1.00804235
 458  0.980085551
 459  0.855302772
 460  0.814147344
 461  0.797256854
 462  0.719911474
 463  0.710134361
 464  0.684324471
 465  0.693792895
 466  0.648449029
 467  0.616358216
 468  0.784257092
 469  0.651730832
 470  0.820371133
 471  0.831306723
 472  1.02578698
 473  1.04772207
 474  0.999317646
 475  1.16762375
 476  1.15074587
 477  1.2576062
 478  1.36449079
 479  1.28233795
 480  1.09155754
 481  1.05838652
 482  1.04389436
 483  0.958269064
 484  0.970848547
 485  1.17319035
 486  1.19827142
 487  1.13542455
 488  1.323249
 489  1.4871436
 490  1.33977738
 491  1.13156066
 492  0.939777766
 493  0.841610784
 494  0.654669343
 495  0.606693577
 496  0.628139511
 497  0.678391408
 498  0.692536404
 499  0.806849481
 500  0.802508707
 501  0.906122083
 502  0.876615601
 503  0.889088554
 504  0.756427979
 505  0.740665456
 506  0.68633194
 507  0.639668332
 508  0.640412287
 509  0.661863854
 510  0.730665151
 511  0.896728695
 512  0.995481981
 513  1.26195251
 514  1.46886545
 515  1.71915869
 516  1.95297948
 517  1.87038237
 518  1.62091596
 519  1.35274016
 520  1.26433155
 521  1.0213348
 522  0.970005592
 523  0.788867413
 524  0.750347277
 525  0.67612663
 526  0.690806516
 527  0.69812468
 528  0.712323534
 529  0.784445022
 530  0.798191765
 531  0.919399357
 532  0.958810045
 533  1.06204756
 534  0.967944929
 535  0.89657505
 536  0.839172969
 537  0.906584243
 538  0.959366403
 539  0.863552071
 540  0.857696601
 541  0.750079668
 542  0.762602404
 543  0.742580137
 544  0.7217125
 545  0.736151764
 546  0.798071443
 547  0.76701816
 548  0.785221485
 549  0.70672833
 550  0.72347082
 551  0.713725051
 552  0.778058596
 553  0.799069509
 554  0.83255698
 555  0.842758684
 556  0.80917365
 557  0.761277227
 558  0.708613087
 559  0.727140532
 560  0.706750077
 561  0.743113461
 562  0.706373557
 563  0.718173166
 564  0.688195548
 565  0.733796395
 566  0.741276473
 567  0.778795275
 568  0.805287052
 569  0.849555978
 570  0.992402983
 571  0.918687033
 572  0.929445788
 573  0.848476285
 574  0.846757486
 575  0.798148157
 576  0.758741524
 577  0.782847532
 578  0.698820587
 579  0.729670414
 580  0.650492954
 581  0.64118201
 582  0.663765468
 583  0.806086573
 584  0.952503409
 585  1.09846562
 586  1.19166051
 587  1.1559063
 588  1.10890454
 589  1.06833297
 590  0.988380459
 591  0.942105971
 592  0.947750313
 593  0.80450805
 594  0.775391093
 595  0.84376386
 596  0.790935045
 597  0.830553693
 598  0.789847035
 599  0.825392035
 600  0.818603808
 601  0.947080061
 602  1.02453026
 603  1.23034228
 604  1.33125791
 605  1.30600615
 606  1.39682027
 607  1.4226401
 608  1.27113116
 609  1.19114157
 610  1.23877516
 611  1.30061035
 612  1.20759592
 613  1.24808736
 614  1.0659664
 615  1.0805327
 616  0.94639501
 617  0.998458786
 618  0.915451356
 619  0.981546257
 620  0.962617486
 621  1.02232027
 622  1.95146952
 623  1.80443107
 624  1.62777827
 625  1.6126596
 626  1.43402544
 627  1.48676149
 628  1.21695476
 629  1.32870293
 630  1.12605408
 631  1.09847208
 632  0.986122828
 633  1.04265311
 634  1.15959544
 635  1.2322439
 636  1.47002763
 637  1.42944943
 638  1.54760563
 639  1.45458956
 640  1.56997792
 641  1.52879515
 642  1.6399944
 643  1.65605486
 644  1.77164342
 645  1.80442123
 646  1.89932964
 647  1.74329642
 648  1.98095433
 649  2.04546131
 650  1.68446973
 651  1.69869145
 652  1.62553738
 653  1.60765939
 654  1.52346866
 655  1.58942117
 656  1.49716714
 657  1.60001298
 658  1.58413193
 659  1.82986491
 660  1.8620614
 661  1.69996499
 662  1.69611025
 663  1.71145035
 664  1.39529185
 665  1.23260403
 666  1.01545847
 667  0.913426391
 668  0.863324681
 669  0.811185364
 670  0.75809122
 671  0.770481328
 672  0.784817443
 673  0.775979055
 674  0.714618156
 675  0.919360063
 676  0.91358453
 677  1.06074758
 678  1.1763572
 679  1.36154562
 680  1.42597184
 681  1.49161839
 682  1.82586938
 683  1.84694619
 684  2.16673574
 685  2.28456481
 686  2.29658143
 687  1.86547332
 688  1.71178968
 689  1.61490813
 690  1.39635719
 691  1.31407119
 692  1.5559786
 693  1.63335617
 694  1.51165838
 695  1.63612029
 696  1.80376444
 697  1.71771057
 698  1.45493558
 699  1.16686659
 700  0.941623839
 701  0.700104482
 702  0.722718484
 703  0.737358351
 704  0.787723382
 705  0.80658701
 706  0.911614742
 707  0.920650077
 708  0.995752139
 709  0.963304121
 710  0.967669016
 711  0.876287874
 712  0.872814623
 713  0.820225161
 714  0.776045128
 715  0.756460026
 716  0.778497116
 717  0.83017003
 718  1.11624756
 719  1.13814333
 720  1.52134406
 721  1.6769722
 722  1.99652869
 723  2.12854382
 724  2.00004956
 725  1.8246352
 726  1.58698073
 727  1.56153852
 728  1.21030037
 729  1.33912642
 730  1.00596721
 731  1.02233955
 732  0.868625569
 733  0.888687888
 734  0.894804685
 735  0.884395731
 736  0.95534128
 737  0.934083196
 738  1.0626682
 739  1.14224302
 740  1.18655649
 741  1.08045949
 742  1.06124585
 743  0.971310352
 744  1.05094889
 745  1.08409364
 746  0.970461238
 747  1.07082819
 748  0.968099757
 749  0.976813814
 750  0.975797289
 751  0.894076093
 752  1.0918384
 753  1.23105522
 754  1.14768374
 755  1.17963688
 756  0.974490319
 757  1.00598556
 758  0.963541303
 759  1.00592508
 760  0.970739384
 761  0.936434499
 762  0.97692536
 763  0.984274901
 764  1.0377714
 765  0.920930062
 766  0.89114344
 767  0.887310077
 768  0.888834356
 769  0.901313739
 770  0.91161849
 771  0.85984924
 772  0.914012193
 773  0.916739945
 774  1.02766848
 775  1.0850033
 776  1.1876387
 777  1.29295388
 778  1.16431854
 779  0.980960735
 780  0.955941047
 781  0.953910662
 782  0.912365154
 783  0.87500146
 784  0.898812928
 785  0.833566762
 786  0.839718787
 787  0.774362911
 788  0.762420563
 789  0.767640389
 790  0.945281368
 791  1.26935686
 792  1.51896589
 793  1.64595619
 794  1.63531466
 795  1.587794
 796  1.65818619
 797  1.40043921
 798  1.43391265
 799  1.37462376
 800  1.23931026
 801  1.21739675
 802  1.23207552
 803  1.18877008
 804  1.38058776
 805  1.24941284
 806  1.32631219
 807  1.16736082
 808  1.39507096
 809  1.38902395
 810  1.72629528
 811  1.76034046
 812  1.6809497
 813  1.7374831
 814  1.71769994
 815  1.58998747
 816  1.46102542
 817  1.59527154
 818  1.61450226
 819  1.51446266
 820  1.58406556
 821  1.3929296
 822  1.4979178
 823  1.3655023
 824  1.55397009
 825  1.46412758
 826  1.6929164
 827  1.61126933
 828  1.86170768
