 1  1.18493499
 2  1.15023403
 3  1.07577829
 4  1.08087138
 5  0.987921689
 6  0.964443261
 7  0.817625667
 8  0.82213443
 9  0.746378713
 10  0.707044436
 11  0.730682489
 12  0.73647781
 13  0.702815929
 14  0.782543317
 15  0.808420104
 16  0.866144143
 17  0.941496913
 18  0.953766786
 19  1.0291379
 20  1.02998529
 21  1.07451845
 22  1.06997936
 23  1.10400441
 24  1.07390219
 25  1.07717463
 26  0.993306673
 27  1.03317007
 28  1.05123509
 29  0.923295587
 30  0.973047878
 31  0.985048801
 32  1.01781612
 33  1.00494659
 34  1.05374887
 35  1.01409058
 36  1.06044209
 37  1.02293958
 38  1.08572817
 39  1.02307516
 40  0.955342348
 41  0.977906456
 42  0.997524432
 43  0.857356553
 44  0.77806186
 45  0.698244712
 46  0.682165316
 47  0.68187074
 48  0.635155326
 49  0.553505617
 50  0.57403434
 51  0.616709345
 52  0.55873408
 53  0.570261561
 54  0.684421632
 55  0.510074658
 56  0.701606026
 57  0.747940114
 58  0.858337007
 59  0.85762863
 60  0.826894173
 61  0.921423099
 62  0.910052383
 63  1.00092439
 64  1.07351506
 65  1.02425407
 66  0.890840571
 67  0.911257237
 68  0.901861392
 69  0.839876142
 70  0.845889002
 71  0.983975141
 72  1.04567187
 73  1.02496189
 74  1.12690152
 75  1.25277053
 76  1.21839776
 77  1.02037277
 78  0.847356032
 79  0.725037716
 80  0.599665724
 81  0.643584692
 82  0.664365513
 83  0.654262293
 84  0.633409101
 85  0.615556911
 86  0.595455594
 87  0.585640924
 88  0.614190877
 89  0.663158263
 90  0.676260827
 91  0.683718222
 92  0.680809931
 93  0.657438675
 94  0.650920787
 95  0.673460885
 96  0.6741724
 97  0.814767196
 98  0.855618025
 99  1.08245922
 100  1.18120182
 101  1.31283998
 102  1.37243942
 103  1.29059406
 104  1.2003533
 105  1.09520054
 106  1.07292756
 107  0.882446474
 108  0.884168393
 109  0.728721481
 110  0.710687402
 111  0.670401372
 112  0.662542703
 113  0.684525418
 114  0.689245905
 115  0.708810886
 116  0.739367436
 117  0.752391967
 118  0.737041942
 119  0.793309073
 120  0.726013005
 121  0.72729297
 122  0.671494219
 123  0.705572723
 124  0.78084315
 125  0.757679611
 126  0.784708633
 127  0.655837315
 128  0.658519935
 129  0.640472344
 130  0.55649111
 131  0.625602976
 132  0.677483715
 133  0.576936191
 134  0.542610776
 135  0.462072767
 136  0.450327168
 137  0.490817528
 138  0.52758207
 139  0.590683583
 140  0.633126187
 141  0.724721938
 142  0.724501813
 143  0.700579223
 144  0.587434812
 145  0.530634886
 146  0.494295347
 147  0.459901072
 148  0.445618294
 149  0.448949629
 150  0.462558181
 151  0.545866877
 152  0.578195103
 153  0.643551426
 154  0.698815632
 155  0.79403781
 156  0.847913597
 157  0.736877512
 158  0.697435085
 159  0.646668986
 160  0.64351183
 161  0.542125835
 162  0.52642303
 163  0.521946774
 164  0.548191849
 165  0.568399389
 166  0.579109651
 167  0.580079656
 168  0.56126543
 169  0.713185458
 170  0.895592838
 171  1.09116465
 172  1.18813189
 173  1.13117087
 174  1.03822086
 175  1.00139791
 176  0.819826269
 177  0.758494146
 178  0.677481403
 179  0.569831105
 180  0.563988306
 181  0.554184905
 182  0.573792755
 183  0.657340759
 184  0.652301702
 185  0.74242982
 186  0.709969096
 187  0.889211816
 188  0.96191769
 189  1.13693645
 190  1.19744309
 191  1.16217872
 192  1.23044497
 193  1.24074711
 194  1.10146412
 195  1.03088759
 196  1.06041069
 197  1.09738713
 198  1.04319659
 199  1.0615491
 200  0.936360617
 201  0.935544313
 202  0.809028657
 203  0.874843148
 204  0.795027498
 205  0.834688156
 206  0.764553706
 207  0.806064048
 208  1.39961578
 209  1.29591886
 210  1.13220753
 211  1.07061911
 212  0.932831058
 213  0.852274027
 214  0.705539261
 215  0.698010916
 216  0.63516769
 217  0.636781494
 218  0.628314198
 219  0.674116541
 220  0.680108942
 221  0.719901159
 222  0.712690228
 223  0.731860451
 224  0.741553309
 225  0.768566
 226  0.869374918
 227  0.932961771
 228  1.04585412
 229  1.08126616
 230  1.16848117
 231  1.15620258
 232  1.217505
 233  1.19159015
 234  1.25902956
 235  1.17026843
 236  1.00148658
 237  0.991496979
 238  0.994268712
 239  0.962868963
 240  0.943674417
 241  0.954244146
 242  0.871116916
 243  0.892058801
 244  0.849689996
 245  0.881202663
 246  0.839573045
 247  0.841307904
 248  0.92148236
 249  0.971184956
 250  0.83715501
 251  0.857626778
 252  0.710904307
 253  0.677507551
 254  0.643074352
 255  0.593003716
 256  0.555358302
 257  0.548931827
 258  0.556630988
 259  0.532737919
 260  0.536908307
 261  0.621117517
 262  0.565660466
 263  0.762836798
 264  0.840812977
 265  1.02374591
 266  0.963918732
 267  0.945761189
 268  1.05772858
 269  1.09950741
 270  1.19093836
 271  1.33179497
 272  1.28619187
 273  1.13113675
 274  1.18104593
 275  1.14049569
 276  1.09085989
 277  1.04741203
 278  1.23372017
 279  1.38130353
 280  1.31804139
 281  1.44044044
 282  1.61082034
 283  1.51588379
 284  1.23632234
 285  1.03407413
 286  0.8852502
 287  0.686518806
 288  0.626016832
 289  0.571709911
 290  0.550573273
 291  0.527265154
 292  0.565691246
 293  0.610041504
 294  0.694829262
 295  0.711310681
 296  0.680936703
 297  0.620053263
 298  0.57937677
 299  0.549536825
 300  0.55762347
 301  0.578638498
 302  0.662753381
 303  0.714952469
 304  0.905905493
 305  0.964095648
 306  1.22884832
 307  1.3891715
 308  1.59826306
 309  1.75736268
 310  1.61428024
 311  1.39905193
 312  1.21214256
 313  1.11477219
 314  0.898581781
 315  0.877308252
 316  0.702262517
 317  0.669674445
 318  0.577037267
 319  0.578609039
 320  0.57760067
 321  0.608726151
 322  0.66527884
 323  0.686220729
 324  0.80752091
 325  0.857236951
 326  0.96456581
 327  0.847692892
 328  0.796689495
 329  0.692620705
 330  0.777989685
 331  0.882431731
 332  0.784186581
 333  0.829535771
 334  0.705166532
 335  0.723234915
 336  0.675119387
 337  0.594538693
 338  0.622707403
 339  0.6693049
 340  0.590268739
 341  0.58166711
 342  0.533281221
 343  0.549951672
 344  0.607733142
 345  0.680346609
 346  0.789026777
 347  0.803916723
 348  0.880618364
 349  0.948322336
 350  0.909326525
 351  0.769813785
 352  0.663896521
 353  0.571757397
 354  0.519252669
 355  0.489756914
 356  0.482594269
 357  0.480140982
 358  0.533120795
 359  0.601671241
 360  0.682449276
 361  0.791326521
 362  0.932972096
 363  1.04191043
 364  0.838028646
 365  0.717284836
 366  0.67093386
 367  0.664987258
 368  0.579059515
 369  0.518844391
 370  0.520916877
 371  0.508424425
 372  0.550304398
 373  0.570315699
 374  0.648687802
 375  0.721615134
 376  0.939096124
 377  1.13215533
 378  1.34194538
 379  1.51729261
 380  1.54406375
 381  1.40663935
 382  1.35791428
 383  1.13389924
 384  1.01476938
 385  0.901236945
 386  0.729945014
 387  0.691271271
 388  0.663684144
 389  0.697040392
 390  0.692389567
 391  0.696265384
 392  0.721079545
 393  0.707855518
 394  0.793795464
 395  0.847569265
 396  0.976936548
 397  1.06077698
 398  1.03752311
 399  1.11244063
 400  1.14787719
 401  1.02767099
 402  0.935354306
 403  0.929663275
 404  0.948583417
 405  0.904420437
 406  0.930632059
 407  0.819032559
 408  0.843639868
 409  0.801351328
 410  0.861131818
 411  0.838116578
 412  0.897835718
 413  0.906608374
 414  0.907513417
 415  1.41784559
 416  1.31134519
 417  1.13887485
 418  1.13458052
 419  0.996813779
 420  1.0109985
 421  0.86988668
 422  0.912696736
 423  0.828663154
 424  0.837084754
 425  0.799719674
 426  0.87476042
 427  0.941822427
 428  1.00203763
 429  1.10235456
 430  1.07393583
 431  1.13012995
 432  1.09851943
 433  1.15100847
 434  1.11692869
 435  1.20556848
 436  1.19568477
 437  1.24959987
 438  1.25805499
 439  1.35634117
 440  1.28538001
 441  1.47113631
 442  1.44224273
 443  1.18756776
 444  1.17828657
 445  1.12553554
 446  1.13367046
 447  1.10678909
 448  1.21565759
 449  1.16817689
 450  1.28589142
 451  1.28859772
 452  1.41812548
 453  1.43420536
 454  1.37377779
 455  1.47890817
 456  1.54022733
 457  1.19041933
 458  1.10792027
 459  0.883541252
 460  0.815841437
 461  0.807247499
 462  0.717144553
 463  0.664104083
 464  0.658322768
 465  0.666875374
 466  0.614342514
 467  0.558573285
 468  0.683278629
 469  0.70813321
 470  0.764946698
 471  0.812314164
 472  1.00040859
 473  1.01712931
 474  1.08029786
 475  1.31973614
 476  1.37659066
 477  1.60165787
 478  1.76789406
 479  1.7982927
 480  1.46062012
 481  1.3798215
 482  1.25913492
 483  1.12298268
 484  1.03457888
 485  1.21675112
 486  1.33845066
 487  1.22361748
 488  1.29635154
 489  1.41468305
 490  1.30193653
 491  1.11833661
 492  0.918062978
 493  0.767535013
 494  0.621346378
 495  0.598277682
 496  0.591417775
 497  0.601803348
 498  0.629235826
 499  0.677990634
 500  0.700757055
 501  0.733099075
 502  0.725442042
 503  0.715560653
 504  0.684035204
 505  0.654215915
 506  0.62859014
 507  0.586677231
 508  0.585342195
 509  0.606394257
 510  0.663300054
 511  0.788261334
 512  0.867458691
 513  1.06812768
 514  1.24388043
 515  1.43975139
 516  1.66116294
 517  1.55016629
 518  1.34045609
 519  1.11907906
 520  1.06239931
 521  0.869178535
 522  0.873780125
 523  0.727364229
 524  0.71164096
 525  0.658689757
 526  0.664633193
 527  0.682416318
 528  0.69265552
 529  0.7404573
 530  0.786543103
 531  0.903162163
 532  1.00442144
 533  1.09283156
 534  0.967431952
 535  0.922378337
 536  0.832345081
 537  0.939834125
 538  1.03281024
 539  0.92252152
 540  0.965186899
 541  0.879041169
 542  0.882310177
 543  0.838391855
 544  0.766483013
 545  0.804773373
 546  0.825315318
 547  0.790887297
 548  0.820584926
 549  0.722182651
 550  0.772360399
 551  0.753230609
 552  0.832220495
 553  0.882312352
 554  0.870031782
 555  0.807015135
 556  0.920035879
 557  0.917697635
 558  0.800173133
 559  0.730771689
 560  0.679431801
 561  0.694723135
 562  0.694881244
 563  0.729287727
 564  0.715027199
 565  0.73958161
 566  0.776008441
 567  0.846672824
 568  0.952392958
 569  1.08334647
 570  1.17030647
 571  1.04578328
 572  0.981258289
 573  0.813737582
 574  0.835520863
 575  0.713526668
 576  0.691812643
 577  0.688992908
 578  0.647714019
 579  0.646072193
 580  0.624046677
 581  0.652097341
 582  0.677046269
 583  0.816257404
 584  1.03891726
 585  1.1786143
 586  1.34922472
 587  1.42207974
 588  1.38454857
 589  1.4591875
 590  1.25744798
 591  1.21205716
 592  1.19040922
 593  1.02011
 594  0.939340629
 595  0.923928194
 596  0.880088206
 597  0.9322796
 598  0.875821421
 599  0.912604148
 600  0.851456281
 601  0.997278649
 602  1.05036651
 603  1.24550164
 604  1.39690502
 605  1.42055256
 606  1.55843486
 607  1.65409278
 608  1.51734175
 609  1.34741099
 610  1.41562498
 611  1.37878657
 612  1.25338373
 613  1.22413081
 614  1.02970012
 615  1.05606873
 616  0.970507204
 617  1.05209431
 618  1.00130637
 619  1.15807377
 620  1.15579779
 621  1.29399724
 622  1.67176216
 623  1.64845382
 624  1.44462142
 625  1.42294655
 626  1.26364655
 627  1.21572243
 628  1.02812347
 629  1.05158851
 630  0.920701394
 631  0.859694025
 632  0.80283776
 633  0.808919056
 634  0.8576535
 635  0.930631795
 636  1.14319795
 637  1.17543614
 638  1.26055132
 639  1.29934433
 640  1.3968842
 641  1.44959861
 642  1.60478582
 643  1.62440752
 644  1.62997018
 645  1.5377649
 646  1.55820632
 647  1.35957112
 648  1.44276553
 649  1.49194424
 650  1.24634336
 651  1.36873132
 652  1.3950429
 653  1.51017255
 654  1.49538651
 655  1.69455756
 656  1.53575836
 657  1.61996478
 658  1.52095312
 659  1.54708772
 660  1.46078908
 661  1.40247456
 662  1.57701126
 663  1.67245039
 664  1.37158757
 665  1.21932738
 666  1.00946961
 667  0.98324101
 668  1.04125533
 669  0.92527705
 670  0.848777588
 671  0.81805624
 672  0.86140671
 673  0.73950269
 674  0.695737336
 675  0.851200642
 676  0.820835777
 677  0.848688968
 678  0.894046843
 679  1.05504078
 680  1.10503438
 681  1.06178632
 682  1.24082131
 683  1.23809558
 684  1.36883203
 685  1.4442039
 686  1.47851944
 687  1.31554564
 688  1.29732556
 689  1.18640436
 690  1.1531242
 691  1.06180756
 692  1.21653999
 693  1.32744312
 694  1.2881683
 695  1.36040303
 696  1.50267971
 697  1.46424912
 698  1.20637065
 699  1.07125217
 700  0.932650837
 701  0.71923393
 702  0.72974261
 703  0.71572242
 704  0.803600614
 705  0.798173668
 706  0.971670195
 707  0.928962001
 708  1.02227474
 709  0.92935849
 710  0.98461437
 711  0.859360985
 712  0.84306089
 713  0.76377956
 714  0.731458905
 715  0.715761952
 716  0.734956099
 717  0.786866126
 718  0.965214271
 719  1.01456668
 720  1.27647537
 721  1.44512109
 722  1.63737461
 723  1.82206524
 724  1.76112226
 725  1.58357088
 726  1.35002099
 727  1.2786786
 728  1.05409057
 729  1.03759317
 730  0.86603537
 731  0.835327173
 732  0.732148763
 733  0.752464196
 734  0.753643113
 735  0.772966904
 736  0.854192075
 737  0.89349468
 738  1.02854588
 739  1.03160363
 740  1.13548951
 741  1.08987903
 742  1.01382744
 743  0.966089236
 744  1.01268988
 745  1.09214751
 746  1.06422972
 747  1.06100065
 748  0.963293664
 749  1.07821235
 750  1.03231358
 751  0.914858611
 752  0.946189167
 753  0.9890003
 754  0.931506754
 755  0.942916372
 756  0.900175091
 757  0.944673809
 758  0.948334608
 759  1.07509218
 760  1.17317321
 761  1.232526
 762  1.25140486
 763  1.28455031
 764  1.22118756
 765  1.03292233
 766  1.00889655
 767  0.898384221
 768  0.929343614
 769  0.852082863
 770  0.850132179
 771  0.833830937
 772  0.915820291
 773  0.922018725
 774  0.97971045
 775  0.974335003
 776  1.10457115
 777  1.17719304
 778  1.02592332
 779  1.0197494
 780  0.995836202
 781  1.02924137
 782  0.943733837
 783  0.914969823
 784  0.946359767
 785  0.84454853
 786  0.906749775
 787  0.785497163
 788  0.868272913
 789  0.803509591
 790  1.08370989
 791  1.23921871
 792  1.45213983
 793  1.65253261
 794  1.73430316
 795  1.5404221
 796  1.53610683
 797  1.42359342
 798  1.31040396
 799  1.29338257
 800  1.14985992
 801  1.05811682
 802  1.05432788
 803  0.94741662
 804  0.978756836
 805  0.944698821
 806  1.06530812
 807  1.0670798
 808  1.31668276
 809  1.46606326
 810  1.80063792
 811  2.0078273
 812  1.99382292
 813  2.19673232
 814  2.20017184
 815  1.90150048
 816  1.71334525
 817  1.76467966
 818  1.85816231
 819  1.69325944
 820  1.70684102
 821  1.41797195
 822  1.35820568
 823  1.13958143
 824  1.17825129
 825  1.02476214
 826  1.08432589
 827  1.07149679
 828  1.16056063
