 1  0.0556145423
 2  0.0552344694
 3  0.0519473506
 4  0.0526492077
 5  0.0515675997
 6  0.0461923002
 7  0.0393785219
 8  0.0373930974
 9  0.033818782
 10  0.0352019292
 11  0.0339852426
 12  0.0383122832
 13  0.041592278
 14  0.0387896355
 15  0.0399492403
 16  0.0387116279
 17  0.0412727922
 18  0.0435862561
 19  0.0484653422
 20  0.0513375403
 21  0.0536898378
 22  0.0539238915
 23  0.0539040659
 24  0.0521990812
 25  0.0523898202
 26  0.0490734919
 27  0.0503143468
 28  0.0508693356
 29  0.0464289675
 30  0.0475291058
 31  0.0486897996
 32  0.0494146069
 33  0.0505999615
 34  0.0520020645
 35  0.0501819052
 36  0.0511807896
 37  0.0489433088
 38  0.0532546274
 39  0.0504047174
 40  0.0456839046
 41  0.0484263025
 42  0.0470206121
 43  0.0396062593
 44  0.0364092519
 45  0.0327623799
 46  0.0332507019
 47  0.0339712842
 48  0.0323608789
 49  0.0310524449
 50  0.030711394
 51  0.0322654628
 52  0.031782042
 53  0.0309005552
 54  0.0347994421
 55  0.0312691653
 56  0.0387699758
 57  0.0363050806
 58  0.040013894
 59  0.0415148979
 60  0.0404964298
 61  0.0434080954
 62  0.0421246621
 63  0.0457055906
 64  0.0503074896
 65  0.0478360987
 66  0.0404387506
 67  0.0381358535
 68  0.0392645714
 69  0.0386767708
 70  0.0389655231
 71  0.0440898434
 72  0.043422653
 73  0.0426709499
 74  0.0476886454
 75  0.0519799078
 76  0.0487754706
 77  0.0442985687
 78  0.0388450008
 79  0.0374237008
 80  0.0346665792
 81  0.0347062654
 82  0.0338980945
 83  0.0351606453
 84  0.0326103723
 85  0.0344548565
 86  0.0324845
 87  0.0341719987
 88  0.0358746835
 89  0.0380550242
 90  0.0379284872
 91  0.0381436216
 92  0.0330248132
 93  0.0313934404
 94  0.0288830637
 95  0.0307884551
 96  0.0318941822
 97  0.0352302741
 98  0.0407068794
 99  0.0465709862
 100  0.0540955071
 101  0.0625439678
 102  0.0670804552
 103  0.06188053
 104  0.0554370862
 105  0.0487628333
 106  0.0469551116
 107  0.0405106808
 108  0.0416716588
 109  0.0374656126
 110  0.0341900535
 111  0.0318740979
 112  0.0336817344
 113  0.0352457984
 114  0.0414002715
 115  0.0418805001
 116  0.0391078099
 117  0.0364652769
 118  0.0345302076
 119  0.0371330245
 120  0.0361106678
 121  0.0347197563
 122  0.0322071227
 123  0.0324227148
 124  0.0344962486
 125  0.0341711424
 126  0.0359396998
 127  0.0324339787
 128  0.0324798173
 129  0.0317922695
 130  0.0307969079
 131  0.0304562743
 132  0.0361648641
 133  0.0331581474
 134  0.0311892935
 135  0.0286382522
 136  0.0286059859
 137  0.0271049678
 138  0.0305535712
 139  0.0328328082
 140  0.035234165
 141  0.0353321241
 142  0.0357953414
 143  0.0347416738
 144  0.0309897991
 145  0.0307896629
 146  0.0270623884
 147  0.0278408383
 148  0.0262887258
 149  0.0290886856
 150  0.0275173192
 151  0.0279699214
 152  0.0295910355
 153  0.0301637564
 154  0.0320476906
 155  0.0347978704
 156  0.0365525288
 157  0.0323655076
 158  0.0303407047
 159  0.0301397038
 160  0.0305226053
 161  0.0306429739
 162  0.0305317914
 163  0.032992308
 164  0.0327453364
 165  0.0339037807
 166  0.034277332
 167  0.035579285
 168  0.0344912063
 169  0.036571335
 170  0.038806291
 171  0.0428098255
 172  0.0440532942
 173  0.0428269454
 174  0.0403575159
 175  0.0398510467
 176  0.0366251669
 177  0.035617514
 178  0.0362050364
 179  0.0319780804
 180  0.0294257675
 181  0.032163497
 182  0.0330159104
 183  0.0349959331
 184  0.0365318523
 185  0.0371002209
 186  0.0375291972
 187  0.0404847031
 188  0.0416192181
 189  0.0485368578
 190  0.0506874546
 191  0.0523707633
 192  0.056168373
 193  0.0582389528
 194  0.0510628082
 195  0.0482243008
 196  0.0510587576
 197  0.0525001717
 198  0.0495339713
 199  0.049411994
 200  0.0457201206
 201  0.0446975496
 202  0.0432122977
 203  0.0436378753
 204  0.040568074
 205  0.0411790865
 206  0.0393305787
 207  0.0414196249
 208  0.0594432153
 209  0.059366923
 210  0.0558006976
 211  0.06027509
 212  0.0626979723
 213  0.0567168592
 214  0.0480085428
 215  0.0458006905
 216  0.04023412
 217  0.0386707676
 218  0.0342166342
 219  0.0367387414
 220  0.0413476026
 221  0.0395089759
 222  0.04475011
 223  0.0437379997
 224  0.048596809
 225  0.0491184848
 226  0.055221009
 227  0.056397645
 228  0.0597522982
 229  0.0590816753
 230  0.059283331
 231  0.0559395699
 232  0.0557786888
 233  0.0522305177
 234  0.0533239265
 235  0.053471376
 236  0.0488250465
 237  0.0496463734
 238  0.0513335776
 239  0.0521699311
 240  0.0549017621
 241  0.0562665825
 242  0.0538615476
 243  0.055559124
 244  0.0532025319
 245  0.0603807068
 246  0.0579114857
 247  0.0512615457
 248  0.0534764264
 249  0.0512514412
 250  0.041410069
 251  0.0374155055
 252  0.031365795
 253  0.0306748899
 254  0.0314985899
 255  0.0288230774
 256  0.0292318969
 257  0.030938339
 258  0.030637174
 259  0.0397150747
 260  0.0483160507
 261  0.0463749904
 262  0.030810691
 263  0.0400344062
 264  0.0363141409
 265  0.040479548
 266  0.0433778607
 267  0.0421835206
 268  0.0443336652
 269  0.042807949
 270  0.0475687935
 271  0.0615044959
 272  0.0619069916
 273  0.0411958151
 274  0.0364299361
 275  0.0365675099
 276  0.0374649433
 277  0.0379332631
 278  0.0440285922
 279  0.0433457663
 280  0.0443028298
 281  0.051465763
 282  0.0582938178
 283  0.0557303114
 284  0.0494047709
 285  0.0430542139
 286  0.0446116509
 287  0.0398471315
 288  0.0401034834
 289  0.0368553159
 290  0.0360946699
 291  0.0308468655
 292  0.0315201002
 293  0.0277862272
 294  0.0309430777
 295  0.0319506215
 296  0.0339770893
 297  0.0322792921
 298  0.0346246326
 299  0.0312165939
 300  0.0326260275
 301  0.0331981313
 302  0.0393934068
 303  0.0441931254
 304  0.0458472865
 305  0.046763271
 306  0.0535277919
 307  0.0594758384
 308  0.0714941322
 309  0.0759899752
 310  0.0685469379
 311  0.0618194967
 312  0.0539595976
 313  0.0617078573
 314  0.0617697263
 315  0.0592819743
 316  0.0488740803
 317  0.0426728181
 318  0.0366143302
 319  0.0361411622
 320  0.0343915121
 321  0.0372107106
 322  0.0370337315
 323  0.0337154694
 324  0.0326134853
 325  0.031385127
 326  0.0347537015
 327  0.033348768
 328  0.0319900752
 329  0.0295869741
 330  0.0306769348
 331  0.0324481054
 332  0.0318184737
 333  0.0326185159
 334  0.02905558
 335  0.0277179677
 336  0.0269965186
 337  0.0265578628
 338  0.0268974277
 339  0.0354404362
 340  0.032384356
 341  0.0299009628
 342  0.0267436778
 343  0.0283406934
 344  0.0250836526
 345  0.0313012697
 346  0.0333189116
 347  0.0361645142
 348  0.0339957068
 349  0.0341839676
 350  0.0347179818
 351  0.0311388677
 352  0.0351104876
 353  0.0257038358
 354  0.028833149
 355  0.0368509926
 356  0.0322256344
 357  0.025009977
 358  0.0253544324
 359  0.0259494555
 360  0.0265795028
 361  0.0291724634
 362  0.0316319222
 363  0.0331921038
 364  0.0293307878
 365  0.0288825211
 366  0.0286684564
 367  0.0291804709
 368  0.0277716701
 369  0.0257628724
 370  0.0300592083
 371  0.0309958369
 372  0.0338827037
 373  0.0351200621
 374  0.0379771845
 375  0.0358283154
 376  0.0401842059
 377  0.042203807
 378  0.0490026721
 379  0.0488077514
 380  0.0457751351
 381  0.0409893484
 382  0.0389097352
 383  0.0345680437
 384  0.0335705412
 385  0.0366466638
 386  0.0344016008
 387  0.0290314112
 388  0.0310838756
 389  0.0322997944
 390  0.0345602331
 391  0.0372006992
 392  0.0397987323
 393  0.0401121356
 394  0.0383810701
 395  0.0397002245
 396  0.0470076042
 397  0.0502186572
 398  0.0522969467
 399  0.05681666
 400  0.058225845
 401  0.0506557193
 402  0.048364781
 403  0.0541278964
 404  0.0553391955
 405  0.0508894882
 406  0.0510877987
 407  0.0465190282
 408  0.0452271447
 409  0.0454650319
 410  0.0453420819
 411  0.0423261315
 412  0.042353685
 413  0.0433016889
 414  0.0476245472
 415  0.0698681705
 416  0.0674011801
 417  0.0625129987
 418  0.0686853364
 419  0.0727125329
 420  0.0652893307
 421  0.054943326
 422  0.0511123976
 423  0.0433242606
 424  0.0401418237
 425  0.0354708459
 426  0.0357594045
 427  0.0381362982
 428  0.0386741988
 429  0.0471699601
 430  0.0482452727
 431  0.0537404089
 432  0.0536687031
 433  0.0601743091
 434  0.0599845077
 435  0.0639191609
 436  0.0646887606
 437  0.0669940829
 438  0.0653783727
 439  0.0648384863
 440  0.0624565235
 441  0.0637057602
 442  0.0622939493
 443  0.0569090636
 444  0.0564690054
 445  0.0583209854
 446  0.058741613
 447  0.0600528309
 448  0.0603370885
 449  0.057303427
 450  0.0586446799
 451  0.0565906393
 452  0.0652196996
 453  0.0626063263
 454  0.054839963
 455  0.0558518245
 456  0.0537431454
 457  0.0429487372
 458  0.0347313508
 459  0.0289746842
 460  0.0285911615
 461  0.0274309272
 462  0.0290447199
 463  0.0308057154
 464  0.0314018173
 465  0.0333648881
 466  0.0527361137
 467  0.0649748127
 468  0.0577993396
 469  0.0391260992
 470  0.0466374087
 471  0.0439598284
 472  0.0489382144
 473  0.0524100368
 474  0.0516376993
 475  0.0536302619
 476  0.05638194
 477  0.064752666
 478  0.0906402605
 479  0.0931921006
 480  0.0522179907
 481  0.0461272135
 482  0.044957022
 483  0.0454705626
 484  0.0459556364
 485  0.0542055877
 486  0.0529202747
 487  0.0540062372
 488  0.0637840771
 489  0.0741923082
 490  0.0705134198
 491  0.0605891541
 492  0.0504192476
 493  0.0534401335
 494  0.0495449417
 495  0.0489018329
 496  0.0456309634
 497  0.0434633452
 498  0.038205222
 499  0.0365666586
 500  0.0330673041
 501  0.0365169553
 502  0.0345846963
 503  0.0344505728
 504  0.0327561221
 505  0.0360068451
 506  0.0350414895
 507  0.0378159949
 508  0.0416724011
 509  0.0503269962
 510  0.0599909096
 511  0.0580215768
 512  0.0542776087
 513  0.0653054929
 514  0.0730766595
 515  0.0887375101
 516  0.0938304091
 517  0.0829323583
 518  0.0722148415
 519  0.0634258999
 520  0.0789742298
 521  0.083315788
 522  0.0770475152
 523  0.0601671076
 524  0.0489395617
 525  0.0422601868
 526  0.0388699352
 527  0.0360292329
 528  0.0350858147
 529  0.0342619175
 530  0.0327179769
 531  0.0330716155
 532  0.0318041492
 533  0.0352993074
 534  0.0329399527
 535  0.0298663568
 536  0.0279810439
 537  0.0290630081
 538  0.0298724655
 539  0.0272832609
 540  0.0281510129
 541  0.0264288082
 542  0.0273839294
 543  0.028970376
 544  0.0284246703
 545  0.0316863077
 546  0.0453072465
 547  0.0424795194
 548  0.0407172031
 549  0.040045019
 550  0.0389961413
 551  0.034803375
 552  0.0359825757
 553  0.0374747789
 554  0.0360939174
 555  0.0310176707
 556  0.0322333548
 557  0.0364469579
 558  0.0385985826
 559  0.0451710141
 560  0.0359322462
 561  0.0392887232
 562  0.0617681867
 563  0.0493409809
 564  0.034155691
 565  0.0269230583
 566  0.0270273665
 567  0.0273736339
 568  0.0279796185
 569  0.0298160709
 570  0.032079085
 571  0.0296374282
 572  0.0298988897
 573  0.0298986316
 574  0.0301254672
 575  0.0340846234
 576  0.0336816283
 577  0.0405597616
 578  0.0428699864
 579  0.0442612856
 580  0.0458814509
 581  0.0459528874
 582  0.0439102074
 583  0.0447438262
 584  0.0503225921
 585  0.0601417713
 586  0.0595600141
 587  0.0529317561
 588  0.0490070913
 589  0.0468541552
 590  0.0383166565
 591  0.037332584
 592  0.0390936431
 593  0.0377244748
 594  0.034780514
 595  0.0401929453
 596  0.0411189211
 597  0.0440349903
 598  0.0459024549
 599  0.0511705883
 600  0.0472098677
 601  0.0434802941
 602  0.043696571
 603  0.0515353416
 604  0.0566022187
 605  0.057517395
 606  0.0626594158
 607  0.0667805417
 608  0.0568592978
 609  0.0531664461
 610  0.057289079
 611  0.058683226
 612  0.0548360478
 613  0.0559416397
 614  0.0502935884
 615  0.0504783449
 616  0.0506411728
 617  0.0523086629
 618  0.0527226383
 619  0.0546804044
 620  0.0599492967
 621  0.0686163286
 622  0.0774185669
 623  0.0755492852
 624  0.0699716899
 625  0.0761644984
 626  0.0866642993
 627  0.0735819475
 628  0.0624834142
 629  0.0532112422
 630  0.0449008089
 631  0.0410266292
 632  0.0378053488
 633  0.0391052293
 634  0.0389719449
 635  0.0383151449
 636  0.045995077
 637  0.0462831501
 638  0.0531070446
 639  0.0543412332
 640  0.0625481741
 641  0.063114219
 642  0.0689187101
 643  0.0706107804
 644  0.0740852068
 645  0.0723828689
 646  0.0726633297
 647  0.0732721209
 648  0.0743328476
 649  0.0707408838
 650  0.0674632189
 651  0.0636401182
 652  0.0649586504
 653  0.0628874495
 654  0.0633199352
 655  0.0627332742
 656  0.058164676
 657  0.0575361441
 658  0.0537969097
 659  0.0645596686
 660  0.0621130753
 661  0.0532085187
 662  0.0537258073
 663  0.0514348617
 664  0.041226093
 665  0.0372250113
 666  0.033674427
 667  0.033088015
 668  0.0300072655
 669  0.0352508347
 670  0.0392528822
 671  0.0359257005
 672  0.039593453
 673  0.0701169722
 674  0.085633516
 675  0.0728146235
 676  0.0491072561
 677  0.0594575626
 678  0.0552180339
 679  0.0585643522
 680  0.0626659888
 681  0.0638816784
 682  0.0636560792
 683  0.0681670183
 684  0.0787071774
 685  0.118194891
 686  0.128985784
 687  0.0674849702
 688  0.0551297243
 689  0.0524624029
 690  0.0545440378
 691  0.0537031944
 692  0.0620342311
 693  0.0602218906
 694  0.0620947527
 695  0.0729383847
 696  0.0857633435
 697  0.0815436041
 698  0.0702638877
 699  0.0598735055
 700  0.0652188216
 701  0.063048993
 702  0.0624740297
 703  0.0592275798
 704  0.0566369359
 705  0.0479411533
 706  0.0450603058
 707  0.038745272
 708  0.0436431195
 709  0.0411547824
 710  0.0412872291
 711  0.038415208
 712  0.0447301973
 713  0.0423249891
 714  0.0458464156
 715  0.05048576
 716  0.0621245351
 717  0.0774937472
 718  0.0711954239
 719  0.0627123879
 720  0.0747759817
 721  0.081107186
 722  0.0992798881
 723  0.103130808
 724  0.090534072
 725  0.0797437172
 726  0.070415296
 727  0.0944660223
 728  0.103790701
 729  0.0943324178
 730  0.0746042906
 731  0.0554801302
 732  0.048087792
 733  0.0432948932
 734  0.0415977482
 735  0.0390473695
 736  0.0392259821
 737  0.0377494338
 738  0.0399932172
 739  0.0394152401
 740  0.0439296718
 741  0.0406941724
 742  0.0368553606
 743  0.0342279375
 744  0.0358142907
 745  0.03704479
 746  0.0333133095
 747  0.0337888368
 748  0.0310544123
 749  0.0312625586
 750  0.0330466959
 751  0.0335596536
 752  0.039457064
 753  0.0595116509
 754  0.0546905003
 755  0.0511550802
 756  0.0476545343
 757  0.0478613153
 758  0.0429040108
 759  0.045491207
 760  0.0480985123
 761  0.0449584703
 762  0.0374510784
 763  0.039306101
 764  0.0454543425
 765  0.0520707189
 766  0.0623555055
 767  0.0452683446
 768  0.0492603347
 769  0.0809770436
 770  0.0588753353
 771  0.0385569663
 772  0.0311493929
 773  0.0313840534
 774  0.0324998592
 775  0.0340969938
 776  0.0358157206
 777  0.0358269798
 778  0.0328896375
 779  0.0299460434
 780  0.0322888732
 781  0.0345427863
 782  0.0398426698
 783  0.0395743176
 784  0.0498478743
 785  0.0554809214
 786  0.0582059487
 787  0.0602088748
 788  0.0611155189
 789  0.0577021705
 790  0.056246452
 791  0.0598154625
 792  0.0707251115
 793  0.0691721299
 794  0.0614724789
 795  0.0566316456
 796  0.0552667158
 797  0.0455211496
 798  0.0456858923
 799  0.0481780699
 800  0.0478239035
 801  0.0435807912
 802  0.051705153
 803  0.0527977317
 804  0.0571757301
 805  0.0588738655
 806  0.0653062515
 807  0.0588980465
 808  0.045876089
 809  0.0431507534
 810  0.0513365201
 811  0.0556063057
 812  0.0554170528
 813  0.0591060977
 814  0.0607726494
 815  0.0533128173
 816  0.0492349202
 817  0.0537092035
 818  0.0567684703
 819  0.0534165591
 820  0.0568063182
 821  0.0517485165
 822  0.0539822161
 823  0.0596209355
 824  0.0623338563
 825  0.0651484392
 826  0.0676443033
 827  0.0789768062
 828  0.0928781193
