 1  0.0598605309
 2  0.057989605
 3  0.0520288798
 4  0.0520945778
 5  0.048063465
 6  0.0458526741
 7  0.0400209604
 8  0.0410046118
 9  0.0384766495
 10  0.0406852457
 11  0.0356616845
 12  0.038001806
 13  0.0481773644
 14  0.0477019579
 15  0.0443421123
 16  0.0416221569
 17  0.0439529055
 18  0.0433714071
 19  0.046901714
 20  0.0493078356
 21  0.0529791104
 22  0.0535986833
 23  0.0548833738
 24  0.0556948826
 25  0.0583012125
 26  0.0551678656
 27  0.058373802
 28  0.0579282766
 29  0.0512167323
 30  0.0512695388
 31  0.050542765
 32  0.0492365881
 33  0.0493395732
 34  0.0498757234
 35  0.0474923392
 36  0.0472830697
 37  0.0457265091
 38  0.0489602197
 39  0.048286006
 40  0.0451474545
 41  0.0462897932
 42  0.0454905411
 43  0.040578087
 44  0.039247058
 45  0.0332338716
 46  0.0311829808
 47  0.0315596355
 48  0.0290540099
 49  0.0309131883
 50  0.0296869343
 51  0.029004223
 52  0.0286698867
 53  0.0300499605
 54  0.0332936016
 55  0.0335378008
 56  0.0381595849
 57  0.0386374111
 58  0.0443640358
 59  0.0454347273
 60  0.0447772351
 61  0.0495670341
 62  0.0480490258
 63  0.0522520001
 64  0.0559642117
 65  0.0521274978
 66  0.0467545935
 67  0.0455123711
 68  0.0456744931
 69  0.0436657387
 70  0.0436225058
 71  0.0490501217
 72  0.0491343605
 73  0.0464786049
 74  0.0509422924
 75  0.054964059
 76  0.0518994358
 77  0.046611562
 78  0.0415145147
 79  0.0405347036
 80  0.0309894909
 81  0.0321521443
 82  0.0313084383
 83  0.0322299838
 84  0.0298037343
 85  0.0322817069
 86  0.03061816
 87  0.0326319013
 88  0.0340538459
 89  0.0354297154
 90  0.0324766813
 91  0.0328394668
 92  0.0285337658
 93  0.0286285534
 94  0.0295834496
 95  0.0337807434
 96  0.0325325343
 97  0.0386610102
 98  0.0388574268
 99  0.0481614271
 100  0.0553328803
 101  0.0651020573
 102  0.0704194703
 103  0.0657091691
 104  0.0569522756
 105  0.0495746062
 106  0.0488845872
 107  0.0425605683
 108  0.0433514329
 109  0.0370014536
 110  0.0380864277
 111  0.033237544
 112  0.0341088565
 113  0.031971865
 114  0.0328309462
 115  0.0354340279
 116  0.0325858445
 117  0.0328881472
 118  0.0327530959
 119  0.0346130038
 120  0.0326589566
 121  0.0307694022
 122  0.0299710796
 123  0.0322633038
 124  0.0339254588
 125  0.0323734125
 126  0.0317233916
 127  0.0288246875
 128  0.0289767762
 129  0.0291650423
 130  0.0295945958
 131  0.0302620981
 132  0.0358127213
 133  0.0346158627
 134  0.0352118318
 135  0.0341383184
 136  0.0331343812
 137  0.0335348573
 138  0.0353897014
 139  0.0368170525
 140  0.0395172447
 141  0.0393073057
 142  0.0368361595
 143  0.0377015782
 144  0.0334441033
 145  0.0315596686
 146  0.0292687579
 147  0.0291864672
 148  0.0282373837
 149  0.0275287494
 150  0.0270668043
 151  0.0273547097
 152  0.0292013548
 153  0.0296233634
 154  0.0294743377
 155  0.0313423773
 156  0.0417185108
 157  0.0345676455
 158  0.0329024557
 159  0.031081126
 160  0.0305352514
 161  0.0301350591
 162  0.0289614996
 163  0.0312909035
 164  0.0304743322
 165  0.0332286694
 166  0.0313369127
 167  0.0319974374
 168  0.0316826179
 169  0.0382118991
 170  0.0416128008
 171  0.0465146636
 172  0.0476084116
 173  0.0468954511
 174  0.0464328309
 175  0.046345505
 176  0.0433723047
 177  0.0435790633
 178  0.0401323826
 179  0.0349630809
 180  0.0359723526
 181  0.0376265771
 182  0.0367902003
 183  0.036840231
 184  0.0359609913
 185  0.0348416095
 186  0.0339386124
 187  0.0360144893
 188  0.0384181794
 189  0.0456049632
 190  0.0478812093
 191  0.0475837111
 192  0.0497093957
 193  0.0500209703
 194  0.0460269907
 195  0.0441180713
 196  0.0465101233
 197  0.0479425782
 198  0.0457078447
 199  0.0470764493
 200  0.0431556989
 201  0.0437514743
 202  0.0422456112
 203  0.0449987433
 204  0.0421048963
 205  0.0428663836
 206  0.0415396365
 207  0.0423754503
 208  0.047509417
 209  0.0478024247
 210  0.0439848967
 211  0.0466000971
 212  0.0463040792
 213  0.0475553698
 214  0.0426897918
 215  0.0438178396
 216  0.0395653426
 217  0.0386013806
 218  0.0358801054
 219  0.0389588243
 220  0.0409701721
 221  0.0401883747
 222  0.0419357268
 223  0.0402470348
 224  0.0447594794
 225  0.0424344416
 226  0.0459239444
 227  0.0449003589
 228  0.0473078773
 229  0.0456201135
 230  0.0459333263
 231  0.0435083702
 232  0.044502128
 233  0.0434084524
 234  0.0476537112
 235  0.048303031
 236  0.0431850346
 237  0.0407606473
 238  0.0400268975
 239  0.0406866178
 240  0.0416927543
 241  0.0443336305
 242  0.0428759833
 243  0.0462557109
 244  0.0459876411
 245  0.0520486133
 246  0.051802848
 247  0.0465119105
 248  0.0472131932
 249  0.0462292195
 250  0.0373024737
 251  0.0343264416
 252  0.0299394684
 253  0.0280151464
 254  0.0292662551
 255  0.0248350614
 256  0.0244753451
 257  0.0278443958
 258  0.0282131588
 259  0.0385933899
 260  0.0435818554
 261  0.034184373
 262  0.0282652313
 263  0.0327603285
 264  0.0310563437
 265  0.0331455344
 266  0.0355451014
 267  0.0367578161
 268  0.0433600642
 269  0.0431941084
 270  0.050830352
 271  0.059875115
 272  0.0626811757
 273  0.0451768238
 274  0.0413262571
 275  0.0378515977
 276  0.0375277598
 277  0.0344295792
 278  0.0394164849
 279  0.0398943672
 280  0.0387973434
 281  0.0430809787
 282  0.0478605618
 283  0.0456232924
 284  0.039649746
 285  0.0332486263
 286  0.0337301289
 287  0.0331415903
 288  0.0342514781
 289  0.0337870312
 290  0.0337243847
 291  0.0320249266
 292  0.032396678
 293  0.0289985508
 294  0.0298138015
 295  0.0303041026
 296  0.032466015
 297  0.0321642461
 298  0.0332464426
 299  0.0312858478
 300  0.0300167265
 301  0.0330180315
 302  0.0382780179
 303  0.0458338099
 304  0.0410304908
 305  0.0362273618
 306  0.0426190241
 307  0.0459421702
 308  0.0531521151
 309  0.0560483913
 310  0.0522018606
 311  0.0467069979
 312  0.0410061164
 313  0.0444188484
 314  0.0474733258
 315  0.0519784661
 316  0.0459753833
 317  0.0421339266
 318  0.0372519244
 319  0.0363413506
 320  0.0353484906
 321  0.0365194854
 322  0.0353342901
 323  0.0343274892
 324  0.0336264982
 325  0.0325793224
 326  0.0344458214
 327  0.0319407306
 328  0.0306430774
 329  0.028065553
 330  0.0298584138
 331  0.0317194955
 332  0.0304649031
 333  0.0313829079
 334  0.027395166
 335  0.0254132654
 336  0.0244659418
 337  0.0247327891
 338  0.0260111449
 339  0.0320666096
 340  0.0294891621
 341  0.0302543574
 342  0.0265719434
 343  0.0284567038
 344  0.0291610073
 345  0.032221767
 346  0.0319436937
 347  0.0316963692
 348  0.030478058
 349  0.0297885725
 350  0.0306769562
 351  0.0292107634
 352  0.0307908907
 353  0.0275388298
 354  0.0258288364
 355  0.0289675549
 356  0.0264319154
 357  0.022945889
 358  0.0243285894
 359  0.0249163285
 360  0.0259986855
 361  0.0292065022
 362  0.0312216902
 363  0.0372261366
 364  0.0335137044
 365  0.0338370111
 366  0.0295379611
 367  0.0291117629
 368  0.0257393828
 369  0.0253622042
 370  0.0290209508
 371  0.0328981669
 372  0.0347530494
 373  0.0346361806
 374  0.033647383
 375  0.0306456594
 376  0.0298481252
 377  0.034728536
 378  0.0398482516
 379  0.0419497763
 380  0.0410942032
 381  0.0395261087
 382  0.0421874003
 383  0.0373677771
 384  0.0377827849
 385  0.0379520363
 386  0.0356527784
 387  0.0330811977
 388  0.0338609775
 389  0.0308697576
 390  0.0344839531
 391  0.033033003
 392  0.0395316852
 393  0.037399935
 394  0.0349043189
 395  0.0341603671
 396  0.0415431385
 397  0.0430745144
 398  0.0439346186
 399  0.0481795486
 400  0.0503481485
 401  0.0438592667
 402  0.0406333834
 403  0.0455154935
 404  0.0457773253
 405  0.0411259739
 406  0.0411083807
 407  0.0376015427
 408  0.0377803149
 409  0.0401719746
 410  0.0410913225
 411  0.03743479
 412  0.0424045826
 413  0.0425988339
 414  0.0513133162
 415  0.0835935174
 416  0.0794965887
 417  0.0659930476
 418  0.0716659705
 419  0.0645012163
 420  0.0584292653
 421  0.0498100531
 422  0.0465347205
 423  0.0417106057
 424  0.0412665477
 425  0.0365691367
 426  0.038933262
 427  0.0430660479
 428  0.0424923376
 429  0.0450404223
 430  0.0451251714
 431  0.0495290031
 432  0.0516360224
 433  0.0596491428
 434  0.0618984941
 435  0.0706640699
 436  0.0707962098
 437  0.0758334651
 438  0.0759387962
 439  0.0831381989
 440  0.0759561441
 441  0.0849435485
 442  0.0859529363
 443  0.0709976706
 444  0.0701333212
 445  0.0646551153
 446  0.0636670941
 447  0.0625749205
 448  0.063049361
 449  0.0568851553
 450  0.0572701442
 451  0.053177669
 452  0.0583674218
 453  0.0546859732
 454  0.0484938327
 455  0.0493114478
 456  0.0466519469
 457  0.0396194895
 458  0.0397085675
 459  0.0355816268
 460  0.0339189899
 461  0.0303696552
 462  0.0294553233
 463  0.0351053845
 464  0.030843983
 465  0.0291153558
 466  0.0375367175
 467  0.0566648277
 468  0.0571047279
 469  0.0398353761
 470  0.0419296983
 471  0.0413089595
 472  0.051612557
 473  0.0564315872
 474  0.059934485
 475  0.0697264801
 476  0.0672267458
 477  0.0815252669
 478  0.105240758
 479  0.103911381
 480  0.0687624117
 481  0.0524124318
 482  0.0509534006
 483  0.045395626
 484  0.0473158237
 485  0.0578246394
 486  0.0555164953
 487  0.0509068106
 488  0.0614436237
 489  0.0697178667
 490  0.0627479541
 491  0.0548675474
 492  0.0466224202
 493  0.0471370019
 494  0.0411229038
 495  0.0417899434
 496  0.039854438
 497  0.0408413295
 498  0.0355976674
 499  0.0414738373
 500  0.039253629
 501  0.0441742621
 502  0.0439223887
 503  0.0441172623
 504  0.0377111835
 505  0.0397607515
 506  0.0350001334
 507  0.0379357853
 508  0.0411399263
 509  0.0515559046
 510  0.0535536323
 511  0.0490456913
 512  0.0496901952
 513  0.0637933831
 514  0.0780470919
 515  0.0933133866
 516  0.103868304
 517  0.0972137276
 518  0.0800652906
 519  0.0655860651
 520  0.0701982962
 521  0.0614336875
 522  0.0568640887
 523  0.049374807
 524  0.0460823953
 525  0.0411535169
 526  0.0401724101
 527  0.0374530114
 528  0.0377294121
 529  0.0409884423
 530  0.0379300839
 531  0.042038103
 532  0.0427095637
 533  0.0463442876
 534  0.0422403372
 535  0.0388019438
 536  0.0360357942
 537  0.0392785856
 538  0.0417651234
 539  0.0371863966
 540  0.0367589922
 541  0.0305157915
 542  0.0286421893
 543  0.0299224865
 544  0.031761815
 545  0.0377954709
 546  0.0515178061
 547  0.0512846944
 548  0.0544052609
 549  0.0514800187
 550  0.0497673041
 551  0.0451799812
 552  0.046487284
 553  0.0438169527
 554  0.0477567469
 555  0.0401607488
 556  0.0335894678
 557  0.036050634
 558  0.0420622197
 559  0.0526396672
 560  0.0425449613
 561  0.0457424395
 562  0.0564816498
 563  0.0461603331
 564  0.0358863458
 565  0.0335324376
 566  0.0343756399
 567  0.0345244087
 568  0.0348457058
 569  0.0354914608
 570  0.0393182314
 571  0.0373662617
 572  0.0396748889
 573  0.0396624244
 574  0.0392142184
 575  0.0408012247
 576  0.0377525392
 577  0.0439253186
 578  0.0396034488
 579  0.0445141605
 580  0.0393321545
 581  0.0392969032
 582  0.0371490798
 583  0.0394902576
 584  0.0429750537
 585  0.050096498
 586  0.0492026672
 587  0.0448734437
 588  0.0448974364
 589  0.0453273092
 590  0.0446719894
 591  0.0501084429
 592  0.0527074747
 593  0.0484411122
 594  0.0526116852
 595  0.057508303
 596  0.0505563047
 597  0.0536798167
 598  0.0486215983
 599  0.0515657744
 600  0.0391934515
 601  0.0415042183
 602  0.0426747156
 603  0.0557806052
 604  0.0582703312
 605  0.0549171202
 606  0.0596225022
 607  0.0608834138
 608  0.0515818453
 609  0.0482974753
 610  0.0526490108
 611  0.0562946856
 612  0.0522553354
 613  0.0568490819
 614  0.051857912
 615  0.0550139278
 616  0.05220878
 617  0.0595583416
 618  0.0557568664
 619  0.0608417188
 620  0.063431368
 621  0.0769968417
 622  0.0682612311
 623  0.0671550751
 624  0.0628749181
 625  0.0638785915
 626  0.0711983651
 627  0.0719849418
 628  0.0650640123
 629  0.065255997
 630  0.0517526966
 631  0.0445304506
 632  0.0379474517
 633  0.0393671992
 634  0.0435308878
 635  0.0465497353
 636  0.0566081023
 637  0.0537613186
 638  0.0620585269
 639  0.0562315863
 640  0.0617569705
 641  0.0611952968
 642  0.0658278385
 643  0.0662785697
 644  0.06768118
 645  0.0644845917
 646  0.0669424292
 647  0.06940581
 648  0.0789553336
 649  0.0794590303
 650  0.0736278172
 651  0.0638295605
 652  0.0615719042
 653  0.0614043441
 654  0.0609960882
 655  0.0633450989
 656  0.0578869878
 657  0.0607560306
 658  0.0580860454
 659  0.0700206488
 660  0.0714729496
 661  0.0631349862
 662  0.062106541
 663  0.0617056781
 664  0.04854498
 665  0.0433530121
 666  0.0359175417
 667  0.0351411082
 668  0.0374768316
 669  0.0330630725
 670  0.0339253309
 671  0.0429391169
 672  0.0454827301
 673  0.0772356717
 674  0.0900503931
 675  0.0601184858
 676  0.0555533078
 677  0.0598255499
 678  0.0568157909
 679  0.0572625921
 680  0.0606174727
 681  0.0667964641
 682  0.0786114811
 683  0.0769359306
 684  0.090545919
 685  0.109843639
 686  0.12264449
 687  0.0795302634
 688  0.0737252689
 689  0.0652815602
 690  0.0648416901
 691  0.0565008922
 692  0.0633254357
 693  0.0654389724
 694  0.0624544916
 695  0.0660287814
 696  0.0724129226
 697  0.0701854895
 698  0.0608697136
 699  0.0536946089
 700  0.0572778056
 701  0.0555177708
 702  0.0530819442
 703  0.0503497799
 704  0.0461734889
 705  0.0432097058
 706  0.0413747553
 707  0.0359914968
 708  0.0372257117
 709  0.0352375722
 710  0.0363270691
 711  0.0338793485
 712  0.0384800211
 713  0.0354262398
 714  0.03544347
 715  0.0479966908
 716  0.0734095177
 717  0.0959328742
 718  0.0722811422
 719  0.0569786911
 720  0.0615042379
 721  0.0620295447
 722  0.0692420241
 723  0.0695099547
 724  0.0674340581
 725  0.0602910538
 726  0.0580067596
 727  0.0662685815
 728  0.0887059608
 729  0.0949333479
 730  0.0816199572
 731  0.0677725179
 732  0.0501403872
 733  0.0407202616
 734  0.037546569
 735  0.0355732969
 736  0.0365333791
 737  0.0354134184
 738  0.0375395939
 739  0.0393126343
 740  0.0413437492
 741  0.0373487293
 742  0.0361618305
 743  0.0335226975
 744  0.0364534799
 745  0.0389229288
 746  0.0366812626
 747  0.0380254124
 748  0.0350609694
 749  0.0356810055
 750  0.0349863881
 751  0.036907012
 752  0.0412510952
 753  0.0573535851
 754  0.0544994764
 755  0.056988284
 756  0.0509753294
 757  0.0525285631
 758  0.0547851022
 759  0.0562576291
 760  0.0539872348
 761  0.0482042372
 762  0.0471795993
 763  0.0446165026
 764  0.0506552389
 765  0.0497060869
 766  0.0538313973
 767  0.0484618095
 768  0.0416602463
 769  0.0577784662
 770  0.0420362599
 771  0.0344896952
 772  0.0319758566
 773  0.0328913917
 774  0.0345430664
 775  0.037583979
 776  0.0431882201
 777  0.0476262138
 778  0.0440090029
 779  0.0425094411
 780  0.0363955515
 781  0.0359743309
 782  0.0352149454
 783  0.0356743265
 784  0.0442526142
 785  0.0551038225
 786  0.0563367096
 787  0.0561959805
 788  0.0573934666
 789  0.0529425639
 790  0.0496668116
 791  0.057084755
 792  0.0639165387
 793  0.0680966334
 794  0.0689343219
 795  0.0667842118
 796  0.0741530408
 797  0.0639520631
 798  0.0649924961
 799  0.0610224035
 800  0.0620452338
 801  0.0599978238
 802  0.0626567673
 803  0.0596958179
 804  0.0645124072
 805  0.0615310887
 806  0.0788554263
 807  0.0722520283
 808  0.055121261
 809  0.0513251237
 810  0.0635265142
 811  0.0663708672
 812  0.0654947227
 813  0.068298771
 814  0.0674379083
 815  0.0597223306
 816  0.0546110678
 817  0.058976675
 818  0.0628742721
 819  0.0585735645
 820  0.0616879209
 821  0.0575224888
 822  0.0597891271
 823  0.0702214915
 824  0.0717381664
 825  0.0668176709
 826  0.0779933933
 827  0.0841842525
 828  0.103555602
