   1   1.094657
   2   1.086362
   3   1.087269
   4   1.104977
   5   1.130415
   6   1.106070
   7   1.127553
   8   1.119965
   9   1.144272
  10   1.267420
  11   1.213379
  12   1.298818
  13   1.469956
  14   1.376844
  15   1.180663
  16   1.133527
  17   1.122314
  18   1.100501
  19   1.092438
  20   1.110160
  21   1.089304
  22   1.089144
  23   1.088743
  24   1.126599
  25   1.156618
  26   1.179473
  27   1.212008
  28   1.226806
  29   1.237725
  30   1.188632
  31   1.141530
  32   1.105579
  33   1.113301
  34   1.077113
  35   1.099041
  36   1.072956
  37   1.090009
  38   1.107770
  39   1.126804
  40   1.127125
  41   1.131412
  42   1.139594
  43   1.159086
  44   1.252881
  45   1.121518
  46   1.090102
  47   1.100038
  48   1.131176
  49   1.143287
  50   1.058497
  51   1.093526
  52   1.120566
  53   1.094971
  54   1.073821
  55   1.205931
  56   1.141409
  57   1.143986
  58   1.139051
  59   1.151404
  60   1.195055
  61   1.217547
  62   1.206030
  63   1.234368
  64   1.231098
  65   1.235854
  66   1.237541
  67   1.191215
  68   1.188483
  69   1.197634
  70   1.165512
  71   1.147694
  72   1.129264
  73   1.093053
  74   1.079936
  75   1.066158
  76   1.071923
  77   1.090061
  78   1.109880
  79   1.137430
  80   1.175029
  81   1.157833
  82   1.142195
  83   1.125773
  84   1.106018
  85   1.126647
  86   1.108112
  87   1.101852
  88   1.110937
  89   1.129392
  90   1.165569
  91   1.155893
  92   1.077623
  93   1.024615
  94   1.017778
  95   1.008084
  96   1.026108
  97   1.021267
  98   1.023806
  99   1.047054
 100   1.089942
 101   1.110967
 102   1.108324
 103   1.093137
 104   1.042794
 105   1.041196
 106   1.060406
 107   1.082711
 108   1.088649
 109   1.143410
 110   1.101719
 111   1.152675
 112   1.196892
 113   1.216497
 114   1.267287
 115   1.220609
 116   1.173512
 117   1.082041
 118   1.069536
 119   1.088443
 120   1.058353
 121   1.069329
 122   1.055080
 123   1.071094
 124   1.105098
 125   1.100640
 126   1.085376
 127   1.062389
 128   1.040899
 129   1.053399
 130   1.076490
 131   1.112178
 132   1.212559
 133   1.263628
 134   1.307295
 135   1.345333
 136   1.365601
 137   1.289041
 138   1.268997
 139   1.221011
 140   1.255456
 141   1.140628
 142   1.107922
 143   1.146962
 144   1.115531
 145   1.085137
 146   1.084843
 147   1.127719
 148   1.170903
 149   1.189149
 150   1.127833
 151   1.075735
 152   1.090553
 153   1.065829
 154   1.059492
 155   1.049968
 156   1.123919
 157   1.144153
 158   1.213138
 159   1.126021
 160   1.095795
 161   1.162158
 162   1.139556
 163   1.175978
 164   1.182540
 165   1.146917
 166   1.178417
 167   1.205593
 168   1.180669
 169   1.127435
 170   1.102846
 171   1.094372
 172   1.072226
 173   1.089979
 174   1.127902
 175   1.180418
 176   1.213495
 177   1.288353
 178   1.269261
 179   1.298765
 180   1.340110
 181   1.337394
 182   1.251162
 183   1.225341
 184   1.169290
 185   1.095841
 186   1.061291
 187   1.018455
 188   1.013777
 189   1.057198
 190   1.043080
 191   1.039822
 192   1.081428
 193   1.111070
 194   1.127235
 195   1.092370
 196   1.087379
 197   1.056692
 198   1.058142
 199   1.061571
 200   1.096636
 201   1.111183
 202   1.164437
 203   1.207950
 204   1.210101
 205   1.212534
 206   1.230153
 207   1.258269
 208   1.028654
 209   1.032356
 210   1.034262
 211   1.135733
 212   1.198104
 213   1.144907
 214   1.135091
 215   1.133592
 216   1.133219
 217   1.122727
 218   1.079245
 219   1.120980
 220   1.260888
 221   1.176766
 222   1.122457
 223   1.087055
 224   1.108775
 225   1.053725
 226   1.084402
 227   1.089940
 228   1.076146
 229   1.056495
 230   1.064086
 231   1.089101
 232   1.138382
 233   1.147323
 234   1.204039
 235   1.238086
 236   1.243942
 237   1.173666
 238   1.094638
 239   1.058566
 240   1.071358
 241   1.018098
 242   1.025887
 243   0.998750
 244   1.028267
 245   1.061240
 246   1.091896
 247   1.074305
 248   1.046195
 249   1.024737
 250   1.024751
 251   1.064762
 252   0.983095
 253   0.970121
 254   1.076254
 255   1.069198
 256   1.075255
 257   1.055500
 258   1.141307
 259   1.518393
 260   1.683643
 261   1.329725
 262   1.198812
 263   1.077660
 264   1.035716
 265   1.026369
 266   1.083246
 267   1.188993
 268   1.210969
 269   1.194297
 270   1.281193
 271   1.462630
 272   1.531547
 273   1.319567
 274   1.138668
 275   1.087384
 276   1.118628
 277   1.083754
 278   1.089026
 279   1.091238
 280   1.076746
 281   1.063098
 282   1.052024
 283   1.069937
 284   1.075304
 285   1.076265
 286   1.222581
 287   1.339818
 288   1.389867
 289   1.330685
 290   1.250594
 291   1.149964
 292   1.079117
 293   0.976692
 294   0.966629
 295   0.966384
 296   1.014234
 297   1.040806
 298   1.111093
 299   1.055624
 300   1.090279
 301   1.147539
 302   1.306318
 303   1.482769
 304   1.105117
 305   1.061292
 306   1.051575
 307   1.070880
 308   1.096386
 309   1.086665
 310   1.074360
 311   1.037278
 312   1.026092
 313   1.131613
 314   1.296886
 315   1.222522
 316   1.272375
 317   1.175457
 318   1.169800
 319   1.139711
 320   1.109792
 321   1.135371
 322   1.089838
 323   1.018769
 324   0.992207
 325   0.972026
 326   0.958249
 327   0.928859
 328   0.918792
 329   0.914691
 330   0.940802
 331   0.960613
 332   0.957777
 333   0.924229
 334   0.897437
 335   0.919280
 336   0.960774
 337   0.953330
 338   1.075833
 339   1.208815
 340   1.288038
 341   1.385936
 342   1.447098
 343   1.443500
 344   1.379560
 345   1.358536
 346   1.252517
 347   1.302907
 348   1.143578
 349   1.044409
 350   1.093666
 351   1.191588
 352   1.346876
 353   1.198242
 354   1.233091
 355   1.554662
 356   1.215502
 357   1.050796
 358   0.941705
 359   0.965748
 360   0.951523
 361   0.933385
 362   0.904480
 363   0.918907
 364   0.962048
 365   1.027260
 366   0.966462
 367   0.960791
 368   1.001587
 369   1.005153
 370   1.126999
 371   1.244863
 372   1.264366
 373   1.318648
 374   1.352752
 375   1.264783
 376   1.179848
 377   1.085161
 378   1.083734
 379   1.078016
 380   1.085024
 381   1.104376
 382   1.150586
 383   1.149452
 384   1.272255
 385   1.317371
 386   1.389958
 387   1.467030
 388   1.466822
 389   1.321101
 390   1.277271
 391   1.210284
 392   1.164296
 393   1.129788
 394   0.993770
 395   0.964877
 396   0.978793
 397   0.961271
 398   0.973910
 399   0.981351
 400   0.975324
 401   0.989541
 402   0.983042
 403   1.003899
 404   0.988133
 405   0.965380
 406   0.975542
 407   1.018344
 408   1.042839
 409   1.110289
 410   1.183364
 411   1.209733
 412   1.246264
 413   1.338486
 414   1.480869
 415   1.034257
 416   1.027858
 417   1.001518
 418   1.109958
 419   1.181785
 420   1.204437
 421   1.244304
 422   1.210263
 423   1.156999
 424   1.085973
 425   1.026958
 426   1.039867
 427   1.106473
 428   1.082504
 429   1.130229
 430   1.131241
 431   1.190658
 432   1.157056
 433   1.161078
 434   1.109030
 435   1.068412
 436   1.029913
 437   1.057387
 438   1.096877
 439   1.146404
 440   1.160404
 441   1.212806
 442   1.252226
 443   1.267619
 444   1.199511
 445   1.104824
 446   1.076527
 447   1.040220
 448   1.067662
 449   1.090745
 450   1.117506
 451   1.126637
 452   1.152637
 453   1.162358
 454   1.127734
 455   1.107094
 456   1.075090
 457   1.055329
 458   0.989696
 459   0.951906
 460   1.034706
 461   1.193821
 462   1.125978
 463   1.124808
 464   1.258281
 465   1.209195
 466   1.906454
 467   2.218363
 468   1.505425
 469   1.271548
 470   1.172974
 471   1.064564
 472   1.040264
 473   1.113581
 474   1.239992
 475   1.234640
 476   1.207837
 477   1.340272
 478   1.594626
 479   1.675352
 480   1.302417
 481   1.182451
 482   1.110367
 483   1.138194
 484   1.078913
 485   1.081950
 486   1.123465
 487   1.112165
 488   1.095216
 489   1.094404
 490   1.116977
 491   1.113023
 492   1.090113
 493   1.250751
 494   1.481773
 495   1.540893
 496   1.496830
 497   1.391105
 498   1.239475
 499   1.079375
 500   1.011290
 501   1.007925
 502   1.035911
 503   1.025910
 504   1.030738
 505   1.109885
 506   1.102797
 507   1.226139
 508   1.328157
 509   1.612475
 510   1.969807
 511   1.215487
 512   1.085451
 513   1.048802
 514   1.098551
 515   1.122208
 516   1.099590
 517   1.074590
 518   1.021243
 519   1.002404
 520   1.176419
 521   1.582365
 522   1.404075
 523   1.425669
 524   1.273166
 525   1.258417
 526   1.202311
 527   1.109173
 528   1.095086
 529   1.080300
 530   0.982476
 531   0.945332
 532   0.920954
 533   0.902189
 534   0.902240
 535   0.903463
 536   0.892510
 537   0.895763
 538   0.929483
 539   1.003556
 540   1.007624
 541   1.006855
 542   1.000180
 543   0.986881
 544   0.985493
 545   1.061495
 546   1.334631
 547   1.382381
 548   1.432499
 549   1.506023
 550   1.422226
 551   1.324466
 552   1.313365
 553   1.245426
 554   1.279681
 555   1.116388
 556   1.058209
 557   1.088609
 558   1.227237
 559   1.496719
 560   1.244594
 561   1.272652
 562   1.778934
 563   1.365143
 564   1.078110
 565   0.944790
 566   1.003707
 567   0.977781
 568   1.032460
 569   1.036846
 570   1.122275
 571   1.122950
 572   1.195456
 573   1.107824
 574   1.028998
 575   1.056903
 576   1.036522
 577   1.188826
 578   1.355842
 579   1.345882
 580   1.451530
 581   1.435408
 582   1.324265
 583   1.154442
 584   1.125837
 585   1.114315
 586   1.107762
 587   1.109962
 588   1.131727
 589   1.171158
 590   1.167659
 591   1.218336
 592   1.270423
 593   1.351846
 594   1.410620
 595   1.409143
 596   1.358061
 597   1.336253
 598   1.364332
 599   1.291656
 600   1.284003
 601   1.081213
 602   1.071554
 603   1.079331
 604   1.103111
 605   1.087836
 606   1.090887
 607   1.046923
 608   1.037797
 609   1.067054
 610   1.093423
 611   1.089906
 612   1.070660
 613   1.057979
 614   1.073851
 615   1.100185
 616   1.219297
 617   1.262900
 618   1.296706
 619   1.281552
 620   1.362372
 621   1.557154
 622   1.086056
 623   1.072871
 624   1.027428
 625   1.143234
 626   1.258356
 627   1.147722
 628   1.213228
 629   1.182206
 630   1.105087
 631   1.042724
 632   1.003535
 633   1.013915
 634   1.048811
 635   0.999266
 636   1.045344
 637   1.037614
 638   1.109048
 639   1.045116
 640   1.044532
 641   1.014632
 642   1.038588
 643   1.023975
 644   1.074518
 645   1.130867
 646   1.218570
 647   1.275274
 648   1.329935
 649   1.357733
 650   1.393011
 651   1.269988
 652   1.120201
 653   1.049182
 654   1.001592
 655   0.954210
 656   0.944748
 657   0.991004
 658   1.011611
 659   1.051991
 660   1.073075
 661   1.025620
 662   0.987906
 663   0.947580
 664   0.923263
 665   0.824603
 666   0.797530
 667   0.886478
 668   1.082115
 669   1.009555
 670   1.026999
 671   1.266205
 672   1.198184
 673   2.057849
 674   2.605296
 675   1.669239
 676   1.375853
 677   1.293433
 678   1.141247
 679   1.143705
 680   1.213782
 681   1.402462
 682   1.353959
 683   1.331268
 684   1.473707
 685   1.892906
 686   2.072006
 687   1.530693
 688   1.183983
 689   1.098224
 690   1.088843
 691   1.116808
 692   1.110923
 693   1.038089
 694   1.011352
 695   1.042675
 696   1.053404
 697   1.059419
 698   1.098590
 699   1.125948
 700   1.400640
 701   1.644837
 702   1.677112
 703   1.548650
 704   1.387780
 705   1.164588
 706   1.041028
 707   0.967347
 708   0.956764
 709   0.972701
 710   0.966421
 711   0.972578
 712   1.085370
 713   1.027253
 714   1.243115
 715   1.391093
 716   1.949579
 717   2.389164
 718   1.362932
 719   1.127909
 720   1.131568
 721   1.182616
 722   1.198135
 723   1.170735
 724   1.131835
 725   1.067837
 726   1.034831
 727   1.259922
 728   1.794348
 729   1.555364
 730   1.677483
 731   1.370579
 732   1.269217
 733   1.180866
 734   1.085042
 735   1.039251
 736   1.009847
 737   0.909447
 738   0.860142
 739   0.839977
 740   0.811817
 741   0.807115
 742   0.803978
 743   0.805224
 744   0.823580
 745   0.820510
 746   0.849167
 747   0.871974
 748   0.878132
 749   0.901555
 750   0.913635
 751   0.914192
 752   1.050697
 753   1.346740
 754   1.409068
 755   1.507765
 756   1.576402
 757   1.456657
 758   1.438783
 759   1.412862
 760   1.289400
 761   1.325837
 762   1.114317
 763   1.058678
 764   1.092939
 765   1.336135
 766   1.684525
 767   1.393877
 768   1.330293
 769   1.917881
 770   1.341726
 771   1.011341
 772   0.907520
 773   0.916083
 774   0.879496
 775   0.912230
 776   0.920485
 777   0.940691
 778   0.962619
 779   1.052419
 780   0.950834
 781   0.905112
 782   1.001421
 783   0.968147
 784   1.143929
 785   1.366743
 786   1.387085
 787   1.500397
 788   1.556372
 789   1.451586
 790   1.230267
 791   1.034178
 792   1.024180
 793   0.984540
 794   1.018411
 795   1.051109
 796   1.147236
 797   1.144588
 798   1.282831
 799   1.322397
 800   1.434056
 801   1.531511
 802   1.503174
 803   1.452309
 804   1.418016
 805   1.461394
 806   1.380795
 807   1.287899
 808   1.002235
 809   0.987168
 810   0.980887
 811   0.986126
 812   0.972817
 813   0.984861
 814   0.921532
 815   0.905802
 816   0.923940
 817   0.958222
 818   0.956067
 819   0.940505
 820   0.962394
 821   1.012740
 822   1.060974
 823   1.200783
 824   1.292200
 825   1.349136
 826   1.365964
 827   1.495840
 828   1.754534
