 1  0.0597101602
 2  0.056813824
 3  0.0511512462
 4  0.0505757097
 5  0.0470645639
 6  0.0438070839
 7  0.0388490977
 8  0.037018838
 9  0.0335237527
 10  0.0323639472
 11  0.0315288803
 12  0.0335040817
 13  0.0341019552
 14  0.0370738139
 15  0.0382113316
 16  0.0397672452
 17  0.0404970571
 18  0.0423671181
 19  0.0449765241
 20  0.046798382
 21  0.0491608842
 22  0.0488393234
 23  0.0508903429
 24  0.0501354226
 25  0.0531676693
 26  0.0530270968
 27  0.0559851776
 28  0.0518139556
 29  0.0456731962
 30  0.0446566512
 31  0.0438907969
 32  0.0430768355
 33  0.0438557938
 34  0.0458120848
 35  0.0443493309
 36  0.0465812738
 37  0.0462478962
 38  0.0483680954
 39  0.0473509257
 40  0.0465014643
 41  0.0500883187
 42  0.0516517049
 43  0.0450760715
 44  0.0452069492
 45  0.037918659
 46  0.0371685073
 47  0.0371285838
 48  0.0340220848
 49  0.0325951751
 50  0.029390861
 51  0.0294463606
 52  0.0266526937
 53  0.0279635142
 54  0.0316036257
 55  0.0282368769
 56  0.0346381297
 57  0.0370105372
 58  0.0445081524
 59  0.042483724
 60  0.0419646788
 61  0.0464288463
 62  0.0474972255
 63  0.0525817894
 64  0.0604437606
 65  0.0579226322
 66  0.0502878941
 67  0.0515984337
 68  0.0490834851
 69  0.048601556
 70  0.0463766581
 71  0.0533269795
 72  0.058682074
 73  0.0564605001
 74  0.0604063826
 75  0.0671252562
 76  0.0640914673
 77  0.0538951325
 78  0.0450768836
 79  0.0398864563
 80  0.0312929184
 81  0.0285089034
 82  0.0260298244
 83  0.0247587285
 84  0.023503095
 85  0.0247129059
 86  0.0254104888
 87  0.0284551521
 88  0.0302323392
 89  0.0299793495
 90  0.0284173596
 91  0.0272168051
 92  0.0250319382
 93  0.0241709185
 94  0.0255603815
 95  0.0293663867
 96  0.0328610636
 97  0.0387873602
 98  0.0419046294
 99  0.0535533767
 100  0.0620114558
 101  0.0712929953
 102  0.0769477017
 103  0.0697159232
 104  0.0602163353
 105  0.0527743356
 106  0.0503357692
 107  0.0425539008
 108  0.0422695113
 109  0.0365294187
 110  0.033788493
 111  0.0304680535
 112  0.0293079205
 113  0.0289215147
 114  0.0311390401
 115  0.0330304027
 116  0.0330299746
 117  0.0356452942
 118  0.0378388141
 119  0.043455021
 120  0.0385780233
 121  0.0388201975
 122  0.0347031357
 123  0.0383142923
 124  0.0446724124
 125  0.0423141546
 126  0.0433132732
 127  0.0366071173
 128  0.0358792888
 129  0.033760301
 130  0.0294103194
 131  0.0318211676
 132  0.0338768235
 133  0.0306096832
 134  0.0298249782
 135  0.0278356395
 136  0.0263578776
 137  0.0285731562
 138  0.0306474767
 139  0.03307953
 140  0.031999616
 141  0.0312689499
 142  0.0346475296
 143  0.0361923249
 144  0.0300150359
 145  0.0245260859
 146  0.0218183577
 147  0.0198582446
 148  0.0205772433
 149  0.0225527865
 150  0.0234084805
 151  0.0264879844
 152  0.0312215108
 153  0.0341588635
 154  0.0395224863
 155  0.0454448133
 156  0.0504119564
 157  0.043233228
 158  0.0381745654
 159  0.0345106889
 160  0.0336859714
 161  0.028427133
 162  0.0241833866
 163  0.0237218079
 164  0.0224325487
 165  0.0236822641
 166  0.0245162801
 167  0.027353006
 168  0.0301546798
 169  0.0395992165
 170  0.0486709978
 171  0.0574192614
 172  0.0634777524
 173  0.0637726812
 174  0.0600304971
 175  0.0600159205
 176  0.0494746781
 177  0.0450030918
 178  0.0415030658
 179  0.0340215888
 180  0.0337007406
 181  0.033409916
 182  0.0335004279
 183  0.0333057284
 184  0.0325038103
 185  0.0334090625
 186  0.0328649617
 187  0.0365914003
 188  0.0403688712
 189  0.046436055
 190  0.0512804
 191  0.0518792368
 192  0.0570476561
 193  0.0597966819
 194  0.0545454199
 195  0.0491435139
 196  0.0494527098
 197  0.0492913068
 198  0.0455698829
 199  0.044739495
 200  0.0393743936
 201  0.0390871412
 202  0.0373941199
 203  0.0412234159
 204  0.0396354037
 205  0.0413030608
 206  0.041251725
 207  0.0427480698
 208  0.0549174634
 209  0.051762756
 210  0.0472948438
 211  0.04881979
 212  0.0483869771
 213  0.0462578438
 214  0.0426459043
 215  0.0426223896
 216  0.0403356865
 217  0.0394614445
 218  0.037750061
 219  0.0397472941
 220  0.044062961
 221  0.0464084995
 222  0.0448400468
 223  0.0442960499
 224  0.0449554113
 225  0.0445695043
 226  0.0464080379
 227  0.0465542767
 228  0.0476257939
 229  0.0467313062
 230  0.0490614421
 231  0.048878871
 232  0.0529872214
 233  0.0516834999
 234  0.056849956
 235  0.0571035704
 236  0.0499267692
 237  0.0492618804
 238  0.0447465326
 239  0.0450287221
 240  0.0438647461
 241  0.0472804602
 242  0.0460072332
 243  0.0494068219
 244  0.0494704799
 245  0.0504475601
 246  0.0493014883
 247  0.0491734579
 248  0.0519300752
 249  0.0544960153
 250  0.0471564622
 251  0.0453696285
 252  0.0370378813
 253  0.0352363976
 254  0.0354109882
 255  0.0344380776
 256  0.0291926425
 257  0.0287137945
 258  0.0335172955
 259  0.0355710103
 260  0.035647692
 261  0.0347186583
 262  0.0298777599
 263  0.0331754378
 264  0.0340458914
 265  0.0408672758
 266  0.0402043498
 267  0.0427668176
 268  0.0488557171
 269  0.0474073257
 270  0.0583636835
 271  0.0707952881
 272  0.0771595487
 273  0.0552374738
 274  0.055178519
 275  0.0487561486
 276  0.0505160827
 277  0.0453040727
 278  0.0535861931
 279  0.0602444859
 280  0.0583091427
 281  0.063322766
 282  0.0720683036
 283  0.0706656339
 284  0.0556124037
 285  0.0441157108
 286  0.0393316718
 287  0.0313240993
 288  0.0296522866
 289  0.027504563
 290  0.0266690059
 291  0.0251497891
 292  0.0264373928
 293  0.025637212
 294  0.0280393806
 295  0.0288116814
 296  0.0303537228
 297  0.0300768587
 298  0.0289590246
 299  0.0268992571
 300  0.0258773633
 301  0.0311464917
 302  0.0366606943
 303  0.0458613542
 304  0.0477570501
 305  0.0434585763
 306  0.0553367671
 307  0.0598834983
 308  0.0674709173
 309  0.0695424245
 310  0.0626781171
 311  0.0538744766
 312  0.0488489464
 313  0.0505142505
 314  0.0500650232
 315  0.0510390432
 316  0.0437030643
 317  0.039791357
 318  0.036158011
 319  0.0333436242
 320  0.0326194429
 321  0.0335763821
 322  0.0345150381
 323  0.0356395075
 324  0.0384855251
 325  0.039100309
 326  0.0429350661
 327  0.0375377872
 328  0.0373819182
 329  0.0333779299
 330  0.0367568875
 331  0.0423062148
 332  0.03972776
 333  0.0407483166
 334  0.0327290686
 335  0.0329445518
 336  0.0331138524
 337  0.0279218462
 338  0.0346487522
 339  0.0397505495
 340  0.0347988294
 341  0.0349894586
 342  0.0307666903
 343  0.0308280569
 344  0.0345074732
 345  0.0376934735
 346  0.0409664916
 347  0.0429310594
 348  0.0449468442
 349  0.0438485881
 350  0.042459461
 351  0.0356867078
 352  0.0322219447
 353  0.0282859943
 354  0.0228435916
 355  0.0228104273
 356  0.0232954725
 357  0.02065508
 358  0.0250054693
 359  0.0287914491
 360  0.0333124947
 361  0.037413196
 362  0.0428372282
 363  0.0480951682
 364  0.0392178331
 365  0.033177994
 366  0.0316340802
 367  0.0304709729
 368  0.0261528876
 369  0.023428227
 370  0.0244685792
 371  0.0257029998
 372  0.0281425321
 373  0.027901632
 374  0.0311025816
 375  0.030053255
 376  0.0400774349
 377  0.0507606405
 378  0.0640495162
 379  0.0728311248
 380  0.0741733156
 381  0.0664568688
 382  0.0677876934
 383  0.0565552168
 384  0.0522146976
 385  0.0472920154
 386  0.0421551856
 387  0.0409959396
 388  0.038416537
 389  0.0362037614
 390  0.0395230227
 391  0.0390130413
 392  0.0456510754
 393  0.0404449417
 394  0.0443971898
 395  0.0462418992
 396  0.0557235685
 397  0.0594620725
 398  0.0586767231
 399  0.0649078147
 400  0.0668520268
 401  0.0577367737
 402  0.0527070161
 403  0.0538045861
 404  0.0537636497
 405  0.0497101709
 406  0.0490960266
 407  0.0437846427
 408  0.0436517619
 409  0.0423864064
 410  0.0489117121
 411  0.0448716866
 412  0.0479428889
 413  0.047020474
 414  0.0579986381
 415  0.0618730215
 416  0.0632266548
 417  0.0554177751
 418  0.0622737904
 419  0.0613889083
 420  0.0579194323
 421  0.0520160739
 422  0.0508366333
 423  0.042978977
 424  0.0380767354
 425  0.0313742981
 426  0.0302835191
 427  0.0369689064
 428  0.0409156066
 429  0.0502640438
 430  0.0514813031
 431  0.0582171493
 432  0.0577684579
 433  0.0632591726
 434  0.0637944034
 435  0.0687267189
 436  0.0667746699
 437  0.0664643845
 438  0.0654531208
 439  0.0703672446
 440  0.061335006
 441  0.070539368
 442  0.0773046362
 443  0.0672715365
 444  0.069456615
 445  0.060459991
 446  0.0640846921
 447  0.063065574
 448  0.069232652
 449  0.0641717037
 450  0.0671200148
 451  0.0646465452
 452  0.0679132317
 453  0.0651035805
 454  0.059973136
 455  0.0646150183
 456  0.065146517
 457  0.050193661
 458  0.0396865572
 459  0.0291313013
 460  0.0279251772
 461  0.0353343712
 462  0.0311088431
 463  0.0277459422
 464  0.0331845113
 465  0.0350380879
 466  0.0334633341
 467  0.0491955666
 468  0.0512091304
 469  0.0447258988
 470  0.0334105353
 471  0.0346289498
 472  0.0411031405
 473  0.0481126058
 474  0.0530019734
 475  0.0644672176
 476  0.0603234093
 477  0.0768191499
 478  0.0888522938
 479  0.0950708752
 480  0.0746645636
 481  0.0668551355
 482  0.0552630033
 483  0.0542249281
 484  0.0438846915
 485  0.0490250042
 486  0.0570322784
 487  0.0521407504
 488  0.0502849834
 489  0.0540014456
 490  0.057381067
 491  0.0479080745
 492  0.0460787354
 493  0.0475455136
 494  0.0412847101
 495  0.0416623971
 496  0.0343542038
 497  0.0311552897
 498  0.0277976953
 499  0.0289574807
 500  0.0263556737
 501  0.0275037053
 502  0.0238984229
 503  0.0247092706
 504  0.0235018176
 505  0.0256202557
 506  0.0265814404
 507  0.0291060869
 508  0.0362556188
 509  0.0489773728
 510  0.055912759
 511  0.0485015471
 512  0.0451641616
 513  0.0481991629
 514  0.0514019729
 515  0.0605967631
 516  0.0674599675
 517  0.0648038862
 518  0.0564678927
 519  0.0473659939
 520  0.0523470609
 521  0.0525165635
 522  0.0520463812
 523  0.0486662293
 524  0.0440681364
 525  0.0378184767
 526  0.0327716504
 527  0.0272589135
 528  0.0259613002
 529  0.0238584557
 530  0.0244991051
 531  0.0258314425
 532  0.0271745614
 533  0.0292678247
 534  0.0263851944
 535  0.0249849776
 536  0.0235564761
 537  0.0262772419
 538  0.0292131017
 539  0.0282431116
 540  0.0286738014
 541  0.0270668271
 542  0.0315380994
 543  0.0345204455
 544  0.0316004323
 545  0.0390355663
 546  0.0526868097
 547  0.0519520694
 548  0.0549210287
 549  0.0524192209
 550  0.0529419345
 551  0.0544551122
 552  0.0610441577
 553  0.0632101701
 554  0.0671601119
 555  0.0599816228
 556  0.0594927558
 557  0.0571450246
 558  0.0509607315
 559  0.0582783336
 560  0.046002481
 561  0.0422065334
 562  0.0460717247
 563  0.033453483
 564  0.0301558952
 565  0.0260138836
 566  0.0289878523
 567  0.030849203
 568  0.0311139572
 569  0.0349097451
 570  0.0393864307
 571  0.0367922759
 572  0.0348242995
 573  0.0283364447
 574  0.0285100627
 575  0.0257022062
 576  0.0284676989
 577  0.0324088436
 578  0.0327749404
 579  0.0376059184
 580  0.03632503
 581  0.0426223181
 582  0.03805239
 583  0.0485032669
 584  0.0544640549
 585  0.063569402
 586  0.0714573611
 587  0.0782253849
 588  0.0710054208
 589  0.0783022005
 590  0.073793608
 591  0.0739061626
 592  0.0741955019
 593  0.0668505398
 594  0.0646525597
 595  0.0624930405
 596  0.0575977144
 597  0.058494944
 598  0.0571058178
 599  0.0593720087
 600  0.0471401644
 601  0.0548075569
 602  0.0595077957
 603  0.0725184669
 604  0.0793462904
 605  0.0754516314
 606  0.0824119295
 607  0.0800615619
 608  0.0704073474
 609  0.0654335722
 610  0.0697413286
 611  0.0722330998
 612  0.0667947206
 613  0.0684585044
 614  0.0607476869
 615  0.0593991502
 616  0.0528737615
 617  0.0633320289
 618  0.0572684645
 619  0.062623501
 620  0.064085192
 621  0.0787279158
 622  0.0527618138
 623  0.0502990807
 624  0.0477122518
 625  0.0546975122
 626  0.061429718
 627  0.0632260423
 628  0.0581758014
 629  0.0596776526
 630  0.0507890675
 631  0.0452956594
 632  0.0394017671
 633  0.0376264282
 634  0.043068035
 635  0.0514898368
 636  0.0615756918
 637  0.0605727432
 638  0.065926607
 639  0.0598067306
 640  0.0634453994
 641  0.0569767821
 642  0.0583640558
 643  0.0527807954
 644  0.0526956197
 645  0.0532062103
 646  0.0580861476
 647  0.0594273162
 648  0.0695377042
 649  0.0679006619
 650  0.0631325762
 651  0.0587753522
 652  0.0514534212
 653  0.0519140847
 654  0.0501708561
 655  0.059081319
 656  0.0580589549
 657  0.0674813216
 658  0.0683542259
 659  0.0777421167
 660  0.0791738661
 661  0.073678741
 662  0.0763853291
 663  0.0771013895
 664  0.0601358402
 665  0.0524664583
 666  0.0417797939
 667  0.0416102596
 668  0.0492920245
 669  0.0389156807
 670  0.0371030216
 671  0.047807044
 672  0.0385587226
 673  0.0454026352
 674  0.0752346379
 675  0.0452994448
 676  0.04389078
 677  0.0412617427
 678  0.0426778049
 679  0.0473595452
 680  0.0517286055
 681  0.0631679356
 682  0.0718098935
 683  0.0696755452
 684  0.0911867481
 685  0.104867727
 686  0.114017281
 687  0.0888439372
 688  0.0729102984
 689  0.0605710126
 690  0.0574935873
 691  0.0492672421
 692  0.0564136937
 693  0.0655484238
 694  0.059610182
 695  0.0595683612
 696  0.0636852485
 697  0.064129644
 698  0.0553310226
 699  0.0509509657
 700  0.0507677835
 701  0.0506663364
 702  0.0489159889
 703  0.0415395627
 704  0.0333764016
 705  0.0337149645
 706  0.0300546397
 707  0.0304916324
 708  0.0298362641
 709  0.0283760332
 710  0.0269521986
 711  0.0261922347
 712  0.0274053485
 713  0.0301865864
 714  0.029028401
 715  0.0353561816
 716  0.0466368703
 717  0.0530502979
 718  0.04535422
 719  0.0481899763
 720  0.050434707
 721  0.0550771733
 722  0.0598808415
 723  0.063154354
 724  0.0570505406
 725  0.0496985254
 726  0.0475161742
 727  0.0512803114
 728  0.0591877199
 729  0.0611468061
 730  0.0572771377
 731  0.0516391237
 732  0.04423209
 733  0.0368478859
 734  0.0331283023
 735  0.0293357505
 736  0.0291924585
 737  0.0302600352
 738  0.0337234473
 739  0.0397557707
 740  0.0445103455
 741  0.0380752684
 742  0.039240074
 743  0.0353868909
 744  0.0408907548
 745  0.0479319711
 746  0.0458914322
 747  0.0469900679
 748  0.0409586679
 749  0.0420777678
 750  0.0403338142
 751  0.0372824108
 752  0.0417203162
 753  0.0480491612
 754  0.04942211
 755  0.048630556
 756  0.0443509486
 757  0.0477643428
 758  0.0479961961
 759  0.0575785921
 760  0.0594283277
 761  0.0520598769
 762  0.0412559443
 763  0.0529909501
 764  0.0530650416
 765  0.048774904
 766  0.0469195882
 767  0.0358449073
 768  0.0360084126
 769  0.048521527
 770  0.0343273425
 771  0.0326107024
 772  0.0321815961
 773  0.0379559589
 774  0.0402243104
 775  0.0463303578
 776  0.052522841
 777  0.0602068023
 778  0.055333474
 779  0.0517090578
 780  0.0403526706
 781  0.0401359788
 782  0.0333304519
 783  0.0323950303
 784  0.0321775825
 785  0.0383862542
 786  0.0369608756
 787  0.0444989297
 788  0.0502160938
 789  0.0476676807
 790  0.0515419182
 791  0.0575219941
 792  0.0633995176
 793  0.0722715407
 794  0.0789278627
 795  0.0736037865
 796  0.0805610841
 797  0.0699419656
 798  0.0685188926
 799  0.0732348987
 800  0.0692584679
 801  0.0612775689
 802  0.0591662883
 803  0.0554950013
 804  0.0546724638
 805  0.0560510539
 806  0.0626463185
 807  0.0563380519
 808  0.050537808
 809  0.0537946624
 810  0.0613812766
 811  0.0715305404
 812  0.0739455171
 813  0.0839227313
 814  0.0833591255
 815  0.0766800224
 816  0.0678007871
 817  0.0731205095
 818  0.0721482995
 819  0.062867194
 820  0.059746081
 821  0.0516765182
 822  0.0509029516
 823  0.0533365248
 824  0.0597310441
 825  0.0569153445
 826  0.0633436894
 827  0.0696697764
 828  0.0889061848
