 1  1.16488691
 2  1.16313951
 3  1.06635005
 4  1.07929467
 5  0.959442199
 6  0.925644863
 7  0.779265447
 8  0.769822972
 9  0.681374845
 10  0.684075409
 11  0.658673891
 12  0.706972633
 13  0.719465881
 14  0.718064929
 15  0.77840863
 16  0.804881973
 17  0.877667391
 18  0.922769522
 19  1.02168597
 20  1.04563482
 21  1.11876588
 22  1.09814745
 23  1.09757469
 24  1.05396931
 25  1.04674839
 26  0.975425104
 27  0.995118837
 28  0.995491744
 29  0.895641924
 30  0.932944668
 31  0.962509015
 32  0.991981203
 33  1.01002872
 34  1.06843779
 35  1.02855463
 36  1.0756718
 37  1.02379585
 38  1.10765097
 39  1.04610396
 40  0.940384716
 41  0.993204949
 42  0.969186731
 43  0.822160733
 44  0.761009929
 45  0.691136785
 46  0.678924317
 47  0.696520332
 48  0.63250924
 49  0.594133978
 50  0.624737219
 51  0.633571733
 52  0.586394604
 53  0.594193102
 54  0.696857453
 55  0.599611598
 56  0.738945013
 57  0.734226391
 58  0.848261145
 59  0.858212002
 60  0.830681495
 61  0.895277643
 62  0.889131107
 63  0.964870375
 64  1.03781265
 65  1.00282038
 66  0.863365193
 67  0.845283969
 68  0.846637464
 69  0.79300704
 70  0.802036179
 71  0.90801891
 72  0.923548396
 73  0.903986955
 74  1.01011439
 75  1.11563883
 76  1.04506714
 77  0.920467581
 78  0.769179315
 79  0.693550545
 80  0.609969419
 81  0.619737061
 82  0.613592998
 83  0.645730637
 84  0.609591577
 85  0.638555087
 86  0.606091267
 87  0.641198854
 88  0.667642551
 89  0.696647031
 90  0.672779905
 91  0.682259739
 92  0.633605747
 93  0.633466777
 94  0.602206956
 95  0.631446528
 96  0.659696837
 97  0.76037659
 98  0.824649575
 99  0.986583583
 100  1.12208794
 101  1.2932711
 102  1.3930911
 103  1.29351164
 104  1.19194047
 105  1.04510949
 106  1.01493688
 107  0.850762465
 108  0.842892631
 109  0.707580232
 110  0.683899482
 111  0.617511725
 112  0.638360348
 113  0.641804956
 114  0.688220259
 115  0.709383068
 116  0.703509481
 117  0.700704539
 118  0.681885659
 119  0.737262382
 120  0.711301801
 121  0.695770388
 122  0.654997497
 123  0.675088019
 124  0.708468976
 125  0.695565865
 126  0.712689751
 127  0.644953624
 128  0.645794474
 129  0.623985264
 130  0.591483567
 131  0.593542404
 132  0.656341087
 133  0.612710105
 134  0.601413005
 135  0.528213191
 136  0.529735439
 137  0.527873261
 138  0.583612705
 139  0.639678721
 140  0.683447584
 141  0.739562358
 142  0.719636128
 143  0.686577717
 144  0.621208751
 145  0.618333142
 146  0.550731079
 147  0.550619743
 148  0.510832717
 149  0.52774143
 150  0.504437044
 151  0.549394016
 152  0.569704687
 153  0.597058911
 154  0.633532983
 155  0.685207763
 156  0.704668475
 157  0.630380652
 158  0.604797915
 159  0.595456938
 160  0.591303463
 161  0.560701999
 162  0.553939294
 163  0.580041323
 164  0.57250497
 165  0.611169639
 166  0.601386163
 167  0.610157725
 168  0.603984562
 169  0.672045186
 170  0.769414452
 171  0.879443214
 172  0.93060043
 173  0.897078489
 174  0.865342371
 175  0.858756978
 176  0.779143359
 177  0.745050735
 178  0.734492808
 179  0.637159183
 180  0.602753471
 181  0.643016204
 182  0.658295352
 183  0.702674164
 184  0.699962492
 185  0.727667663
 186  0.731105594
 187  0.832461203
 188  0.881630675
 189  0.980904113
 190  1.03757096
 191  1.07032619
 192  1.14177673
 193  1.14180337
 194  1.03722926
 195  0.987571579
 196  1.05991273
 197  1.09292542
 198  1.01589502
 199  1.00881855
 200  0.914044221
 201  0.894127485
 202  0.817818981
 203  0.837537345
 204  0.794289724
 205  0.827639343
 206  0.800768953
 207  0.834042703
 208  1.35025245
 209  1.35273514
 210  1.24096778
 211  1.28529133
 212  1.14650498
 213  1.12809283
 214  0.933439384
 215  0.92379855
 216  0.805547752
 217  0.792544059
 218  0.727736434
 219  0.768547295
 220  0.815496218
 221  0.840786971
 222  0.934585787
 223  0.986628491
 224  1.08100363
 225  1.11915596
 226  1.23949111
 227  1.23466912
 228  1.31888742
 229  1.26581876
 230  1.26137247
 231  1.1819801
 232  1.14813525
 233  1.05152232
 234  1.05866751
 235  1.05443381
 236  0.930204105
 237  0.994717044
 238  1.05379082
 239  1.11084974
 240  1.15825743
 241  1.24442974
 242  1.20594373
 243  1.29213576
 244  1.24050162
 245  1.3865991
 246  1.3099299
 247  1.16545509
 248  1.21562061
 249  1.1836237
 250  0.987213857
 251  0.915708177
 252  0.786932429
 253  0.742699518
 254  0.760907161
 255  0.649976026
 256  0.622376777
 257  0.66777353
 258  0.657807046
 259  0.584190967
 260  0.616860883
 261  0.765269772
 262  0.560661338
 263  0.76806378
 264  0.744957604
 265  0.892148752
 266  0.89704207
 267  0.84253009
 268  0.914483657
 269  0.902619655
 270  0.987241775
 271  1.06903886
 272  1.05661722
 273  0.888076938
 274  0.860667248
 275  0.856354155
 276  0.813329605
 277  0.828207125
 278  0.957127999
 279  0.990418351
 280  0.991316006
 281  1.14153471
 282  1.30746492
 283  1.22192123
 284  1.0454027
 285  0.846684952
 286  0.754425229
 287  0.614888876
 288  0.596560164
 289  0.572625278
 290  0.596722192
 291  0.554590332
 292  0.60389933
 293  0.588189733
 294  0.666512618
 295  0.689244884
 296  0.692617534
 297  0.641209057
 298  0.644288523
 299  0.611394825
 300  0.618688293
 301  0.617735126
 302  0.666876316
 303  0.723067509
 304  0.865838701
 305  0.928923918
 306  1.15410703
 307  1.30892477
 308  1.55745201
 309  1.67931813
 310  1.52917408
 311  1.4147983
 312  1.21762951
 313  1.2089252
 314  0.984735273
 315  1.00256288
 316  0.81359271
 317  0.776235279
 318  0.673004373
 319  0.686022837
 320  0.661628579
 321  0.682029749
 322  0.702556419
 323  0.707593459
 324  0.73989783
 325  0.75425167
 326  0.838579301
 327  0.794323898
 328  0.777185758
 329  0.722370069
 330  0.768706711
 331  0.80935406
 332  0.776651179
 333  0.780613239
 334  0.682468684
 335  0.656135785
 336  0.629260087
 337  0.575964149
 338  0.578338366
 339  0.631988399
 340  0.585789148
 341  0.583102714
 342  0.498872198
 343  0.532680333
 344  0.49983046
 345  0.575706526
 346  0.636687291
 347  0.670988282
 348  0.730947577
 349  0.722260819
 350  0.672149333
 351  0.58529187
 352  0.580278751
 353  0.494842622
 354  0.520480726
 355  0.490070616
 356  0.548139739
 357  0.49208552
 358  0.558891492
 359  0.583678959
 360  0.622734882
 361  0.68743604
 362  0.752530938
 363  0.792320244
 364  0.702466735
 365  0.668562849
 366  0.658974259
 367  0.646952522
 368  0.586025174
 369  0.529916968
 370  0.551441476
 371  0.514786703
 372  0.563615297
 373  0.5506452
 374  0.580430407
 375  0.585673755
 376  0.704165679
 377  0.837424447
 378  1.0049873
 379  1.06419037
 380  1.02331528
 381  0.940950683
 382  0.906041237
 383  0.805173124
 384  0.760553632
 385  0.776584261
 386  0.683083365
 387  0.610002631
 388  0.621557766
 389  0.621925635
 390  0.673815731
 391  0.674318036
 392  0.721016252
 393  0.735190002
 394  0.868269837
 395  0.952736666
 396  1.07204506
 397  1.17429411
 398  1.22132647
 399  1.33167795
 400  1.32810904
 401  1.18179908
 402  1.1351393
 403  1.27024581
 404  1.29283017
 405  1.16591579
 406  1.14429745
 407  1.00328874
 408  0.967269112
 409  0.846946574
 410  0.858443834
 411  0.79811485
 412  0.830097329
 413  0.798177975
 414  0.852816602
 415  1.53428474
 416  1.49900795
 417  1.36399752
 418  1.43762181
 419  1.27208529
 420  1.27353993
 421  1.04457764
 422  1.04654051
 423  0.905748255
 424  0.884596812
 425  0.824038781
 426  0.847277278
 427  0.881808157
 428  0.962930198
 429  1.05183788
 430  1.14550304
 431  1.22638483
 432  1.24820361
 433  1.37341379
 434  1.34484408
 435  1.41871063
 436  1.35362903
 437  1.36172653
 438  1.29432879
 439  1.26009667
 440  1.18980692
 441  1.2295924
 442  1.20253763
 443  1.04644623
 444  1.08216702
 445  1.12460681
 446  1.17876682
 447  1.2270108
 448  1.32010918
 449  1.29783797
 450  1.40733165
 451  1.37053505
 452  1.5470809
 453  1.46998017
 454  1.31769989
 455  1.34363333
 456  1.32382529
 457  1.1207969
 458  1.01654572
 459  0.858384969
 460  0.804198827
 461  0.789174718
 462  0.685131838
 463  0.670177738
 464  0.695260407
 465  0.684436805
 466  0.624449016
 467  0.645519565
 468  0.81273723
 469  0.682303877
 470  0.822037413
 471  0.853747956
 472  1.02478106
 473  0.992492555
 474  0.988787255
 475  1.10386901
 476  1.15820817
 477  1.29005842
 478  1.43230755
 479  1.43157805
 480  1.17651872
 481  1.15657215
 482  1.10653889
 483  1.05483541
 484  1.01081193
 485  1.16242283
 486  1.25602227
 487  1.24798196
 488  1.4034061
 489  1.61946418
 490  1.53883412
 491  1.27108348
 492  1.00507106
 493  0.883369196
 494  0.691294524
 495  0.656142297
 496  0.630278576
 497  0.64596471
 498  0.63728051
 499  0.700420129
 500  0.690126144
 501  0.782361481
 502  0.760754691
 503  0.745378907
 504  0.68530665
 505  0.67328262
 506  0.656950493
 507  0.652599811
 508  0.677303861
 509  0.733262636
 510  0.800533783
 511  0.986926627
 512  1.04016084
 513  1.34326212
 514  1.53287499
 515  1.85883496
 516  2.01920953
 517  1.80115523
 518  1.62948482
 519  1.38072324
 520  1.38793384
 521  1.08859447
 522  1.13452433
 523  0.897054917
 524  0.855154069
 525  0.749350654
 526  0.743750362
 527  0.718248164
 528  0.707913846
 529  0.719710601
 530  0.765889224
 531  0.838021446
 532  0.867068922
 533  0.975422416
 534  0.905869706
 535  0.866716831
 536  0.799811926
 537  0.852986011
 538  0.896458029
 539  0.818064869
 540  0.837584138
 541  0.728077329
 542  0.735665432
 543  0.725090066
 544  0.664127342
 545  0.73743761
 546  0.815613936
 547  0.812386876
 548  0.836519779
 549  0.754953952
 550  0.764422009
 551  0.728975608
 552  0.774716423
 553  0.789320223
 554  0.785866557
 555  0.814465306
 556  0.832389393
 557  0.832324
 558  0.738477331
 559  0.750684152
 560  0.71023845
 561  0.725579598
 562  0.717877862
 563  0.747265865
 564  0.656337065
 565  0.683487661
 566  0.678360435
 567  0.739177935
 568  0.783085439
 569  0.866541523
 570  0.922485607
 571  0.852814541
 572  0.787789117
 573  0.761036857
 574  0.735895009
 575  0.705679185
 576  0.671831129
 577  0.705378964
 578  0.65371722
 579  0.679927666
 580  0.653516715
 581  0.661885799
 582  0.685545394
 583  0.823296492
 584  1.06584195
 585  1.28244025
 586  1.39327011
 587  1.34769894
 588  1.25892355
 589  1.2477025
 590  1.06414502
 591  1.00688287
 592  1.01313037
 593  0.891598893
 594  0.838735191
 595  0.878256962
 596  0.867867712
 597  0.911609416
 598  0.842974828
 599  0.866079934
 600  0.798968657
 601  0.978437164
 602  1.04323618
 603  1.17881193
 604  1.29508081
 605  1.33850825
 606  1.47198999
 607  1.52303766
 608  1.37006608
 609  1.27116878
 610  1.38988549
 611  1.39475249
 612  1.25540088
 613  1.22174602
 614  1.06454671
 615  1.046599
 616  0.911594656
 617  0.97947726
 618  0.96711002
 619  1.07396107
 620  1.08483949
 621  1.18108583
 622  1.74101718
 623  1.68540524
 624  1.53404748
 625  1.60279231
 626  1.42390864
 627  1.41520294
 628  1.15530209
 629  1.14927513
 630  1.01345698
 631  1.01275705
 632  0.987330837
 633  1.03472766
 634  1.02976294
 635  1.1234274
 636  1.18684253
 637  1.282767
 638  1.3675522
 639  1.38066986
 640  1.52609765
 641  1.488335
 642  1.58539916
 643  1.50735153
 644  1.5264158
 645  1.46299795
 646  1.43198168
 647  1.35219184
 648  1.4158185
 649  1.40138527
 650  1.22431778
 651  1.24954277
 652  1.27571235
 653  1.32045101
 654  1.35622638
 655  1.46104046
 656  1.43165375
 657  1.56500055
 658  1.52236396
 659  1.75568852
 660  1.67592817
 661  1.49830846
 662  1.52380758
 663  1.51140952
 664  1.30035991
 665  1.24226885
 666  1.09628688
 667  1.0179962
 668  0.958374233
 669  0.854411345
 670  0.862035848
 671  0.816817529
 672  0.804857889
 673  0.785895256
 674  0.76208604
 675  0.918341028
 676  0.861073629
 677  0.950404915
 678  1.00033847
 679  1.16458563
 680  1.1362091
 681  1.16555201
 682  1.31155326
 683  1.36686851
 684  1.5167202
 685  1.62471695
 686  1.66179154
 687  1.38596338
 688  1.31424013
 689  1.26480259
 690  1.19209577
 691  1.12521268
 692  1.28793979
 693  1.40239627
 694  1.3954293
 695  1.56849698
 696  1.84031676
 697  1.74095689
 698  1.41818853
 699  1.12079079
 700  0.962702056
 701  0.792502591
 702  0.770163597
 703  0.790708255
 704  0.843770852
 705  0.851101805
 706  0.937926797
 707  0.912250676
 708  1.0456849
 709  1.0169055
 710  1.00982674
 711  0.919984816
 712  0.910090566
 713  0.851853967
 714  0.803692445
 715  0.783031554
 716  0.817099076
 717  0.877542829
 718  1.07999924
 719  1.14954193
 720  1.50070489
 721  1.72432314
 722  2.1278847
 723  2.29014017
 724  2.02714442
 725  1.84360947
 726  1.56173483
 727  1.55016373
 728  1.19590669
 729  1.25393317
 730  0.990086142
 731  0.936118834
 732  0.844544953
 733  0.873280593
 734  0.898830573
 735  0.89471838
 736  0.946145575
 737  1.01090844
 738  1.11970635
 739  1.1569024
 740  1.29969049
 741  1.20923297
 742  1.14090914
 743  1.05319745
 744  1.12549807
 745  1.17546883
 746  1.05695284
 747  1.07773501
 748  0.916797776
 749  0.911666228
 750  0.905193449
 751  0.840076278
 752  0.947991697
 753  1.04729915
 754  1.03222609
 755  1.04932654
 756  0.909911456
 757  0.950158929
 758  0.8842655
 759  0.929225862
 760  0.950566151
 761  0.924530732
 762  0.947982314
 763  0.979695486
 764  0.95536152
 765  0.886142791
 766  0.906086183
 767  0.866455372
 768  0.890524508
 769  0.872942706
 770  0.92597326
 771  0.821401376
 772  0.865468449
 773  0.859542833
 774  0.939839969
 775  1.00526365
 776  1.10033507
 777  1.15364998
 778  1.03594923
 779  0.855456787
 780  0.921617204
 781  0.924552143
 782  0.931316862
 783  0.881899177
 784  0.920572088
 785  0.858888876
 786  0.880067575
 787  0.834463752
 788  0.818656112
 789  0.821854698
 790  0.945238474
 791  1.19581402
 792  1.44796756
 793  1.57837449
 794  1.53511944
 795  1.4132352
 796  1.40497397
 797  1.21916704
 798  1.1852605
 799  1.20245151
 800  1.09636917
 801  1.03073705
 802  1.08145465
 803  1.06325198
 804  1.14312637
 805  1.06258202
 806  1.08569857
 807  0.995436422
 808  1.16263404
 809  1.20269025
 810  1.35528316
 811  1.46741397
 812  1.50696003
 813  1.6415705
 814  1.67166406
 815  1.5479486
 816  1.41687697
 817  1.54768619
 818  1.55219255
 819  1.39226137
 820  1.36518627
 821  1.20010713
 822  1.1987278
 823  1.07461398
 824  1.17326398
 825  1.1756953
 826  1.30651086
 827  1.32108565
 828  1.44679878
