 1  0.622874546
 2  0.599493656
 3  0.499988448
 4  0.474057325
 5  0.401012853
 6  0.360082963
 7  0.290870057
 8  0.274084767
 9  0.261925875
 10  0.276752933
 11  0.273369586
 12  0.292862362
 13  0.293951785
 14  0.292108258
 15  0.308946856
 16  0.294914822
 17  0.310327315
 18  0.346831303
 19  0.399477673
 20  0.435545631
 21  0.510842934
 22  0.530266626
 23  0.552609021
 24  0.526021372
 25  0.55118875
 26  0.490771095
 27  0.513317985
 28  0.495962106
 29  0.409103241
 30  0.437446005
 31  0.451748616
 32  0.462930319
 33  0.460405392
 34  0.480618543
 35  0.425950582
 36  0.423958479
 37  0.379858793
 38  0.393338621
 39  0.358672834
 40  0.343727497
 41  0.374774835
 42  0.38165381
 43  0.334968157
 44  0.35030715
 45  0.308376608
 46  0.299844728
 47  0.282386115
 48  0.274125257
 49  0.279460982
 50  0.257307812
 51  0.257548567
 52  0.252308627
 53  0.24876928
 54  0.286730073
 55  0.254269094
 56  0.304606482
 57  0.306957168
 58  0.367715109
 59  0.381664186
 60  0.35656932
 61  0.40256641
 62  0.382083288
 63  0.383726822
 64  0.390438334
 65  0.355093535
 66  0.325932177
 67  0.328017765
 68  0.332168122
 69  0.318412196
 70  0.334357006
 71  0.394873689
 72  0.400541692
 73  0.3872528
 74  0.44310058
 75  0.493155186
 76  0.439248463
 77  0.380510439
 78  0.324991185
 79  0.291060587
 80  0.228844611
 81  0.221424941
 82  0.237102346
 83  0.266035444
 84  0.264186053
 85  0.308559194
 86  0.274621508
 87  0.325820012
 88  0.302605791
 89  0.331290238
 90  0.277721715
 91  0.291491312
 92  0.258968115
 93  0.249275878
 94  0.234984513
 95  0.234683194
 96  0.241854112
 97  0.305889855
 98  0.342744022
 99  0.439865488
 100  0.513935654
 101  0.602149134
 102  0.676547363
 103  0.666444994
 104  0.585349291
 105  0.485512675
 106  0.443212531
 107  0.353502774
 108  0.325622286
 109  0.257069365
 110  0.251872456
 111  0.236925682
 112  0.257920065
 113  0.263326893
 114  0.270147682
 115  0.300840442
 116  0.302147504
 117  0.340827822
 118  0.346468387
 119  0.389263974
 120  0.369486135
 121  0.348663115
 122  0.323008421
 123  0.338352561
 124  0.351339303
 125  0.320107758
 126  0.331673602
 127  0.304293808
 128  0.297152553
 129  0.291677012
 130  0.281242498
 131  0.272450252
 132  0.286941146
 133  0.273844344
 134  0.269475823
 135  0.243098744
 136  0.252223045
 137  0.233286177
 138  0.259690341
 139  0.29559151
 140  0.314258315
 141  0.320364694
 142  0.312798755
 143  0.29904117
 144  0.272863069
 145  0.274053203
 146  0.247156454
 147  0.261611604
 148  0.247547096
 149  0.256867667
 150  0.260464896
 151  0.287039851
 152  0.299713514
 153  0.297670085
 154  0.313149076
 155  0.305068903
 156  0.28721041
 157  0.267637293
 158  0.271553668
 159  0.314071809
 160  0.333490516
 161  0.307731557
 162  0.284180868
 163  0.291286091
 164  0.263904249
 165  0.27801794
 166  0.242507556
 167  0.249592283
 168  0.248153861
 169  0.306243483
 170  0.340154857
 171  0.377756639
 172  0.402038786
 173  0.392593209
 174  0.374083055
 175  0.352385201
 176  0.341342219
 177  0.316918074
 178  0.307407506
 179  0.271377024
 180  0.244273018
 181  0.273928923
 182  0.261244922
 183  0.274261581
 184  0.281083528
 185  0.297478743
 186  0.31523334
 187  0.346315506
 188  0.373709585
 189  0.423657552
 190  0.455316099
 191  0.439599219
 192  0.450319796
 193  0.435603271
 194  0.41158436
 195  0.395186541
 196  0.409049209
 197  0.44264552
 198  0.421303816
 199  0.450397184
 200  0.39652257
 201  0.394993321
 202  0.348034351
 203  0.354518326
 204  0.316767816
 205  0.327255278
 206  0.318003215
 207  0.32809379
