 1  0.0248102667
 2  0.0251976848
 3  0.0239660398
 4  0.0250079479
 5  0.0272250228
 6  0.0285455242
 7  0.0261515381
 8  0.0266109471
 9  0.0205642101
 10  0.0165354055
 11  0.0129499058
 12  0.0118968126
 13  0.0138983031
 14  0.0168055364
 15  0.0214570353
 16  0.0212561448
 17  0.0251163963
 18  0.0225047154
 19  0.0247570273
 20  0.0231353355
 21  0.0250376913
 22  0.0242182077
 23  0.0246306954
 24  0.0229338953
 25  0.0237301688
 26  0.0254909713
 27  0.0290435693
 28  0.0288289077
 29  0.0276290712
 30  0.0230800386
 31  0.0224518096
 32  0.0215587098
 33  0.0216981241
 34  0.0225708108
 35  0.0212312382
 36  0.0233286259
 37  0.0225961527
 38  0.0280321418
 39  0.02833248
 40  0.0243030391
 41  0.0234426548
 42  0.0221096058
 43  0.016446059
 44  0.0145350548
 45  0.0116607579
 46  0.0111928177
 47  0.0121243239
 48  0.0101954112
 49  0.0111120592
 50  0.0102962045
 51  0.0124513358
 52  0.0162698211
 53  0.016876067
 54  0.0165879476
 55  0.0166082217
 56  0.0227207516
 57  0.0194943046
 58  0.0186963969
 59  0.0182000644
 60  0.020167855
 61  0.0238969447
 62  0.0230450629
 63  0.0253087697
 64  0.0296290849
 65  0.0295579355
 66  0.0252197178
 67  0.0227561394
 68  0.0211966416
 69  0.0267987926
 70  0.0231739856
 71  0.0243727114
 72  0.0256663057
 73  0.0248690168
 74  0.0246605719
 75  0.0261775124
 76  0.0265211986
 77  0.0237827185
 78  0.0224642185
 79  0.0237766341
 80  0.0237843554
 81  0.0223699933
 82  0.0199530815
 83  0.0169862959
 84  0.0151107821
 85  0.0133318527
 86  0.0101277814
 87  0.0104598302
 88  0.00939837585
 89  0.0103094095
 90  0.00929092974
 91  0.0123282616
 92  0.0109345984
 93  0.0103279666
 94  0.0126628391
 95  0.0126096341
 96  0.0152369196
 97  0.0177985771
 98  0.0191591817
 99  0.0219610947
 100  0.0232547726
 101  0.0256516175
 102  0.0244978234
 103  0.0243146764
 104  0.0196750891
 105  0.0184687147
 106  0.0195948282
 107  0.0213449005
 108  0.027398065
 109  0.0298118434
 110  0.0259240338
 111  0.0202231687
 112  0.0154686309
 113  0.0127766636
 114  0.0102614805
 115  0.00987468672
 116  0.00912634572
 117  0.00891449012
 118  0.010277371
 119  0.0107295377
 120  0.00934159341
 121  0.0099404225
 122  0.00967346673
 123  0.0111562322
 124  0.0122025393
 125  0.0118290236
 126  0.011617854
 127  0.00999595931
 128  0.0100131811
 129  0.0106649895
 130  0.0119388393
 131  0.0130819169
 132  0.018479341
 133  0.0179867032
 134  0.0193650642
 135  0.0188467141
 136  0.0201537107
 137  0.0213511844
 138  0.0226800055
 139  0.021318424
 140  0.0177508881
 141  0.0148604639
 142  0.0145948816
 143  0.0180585791
 144  0.0165362324
 145  0.0127666592
 146  0.0110123052
 147  0.00913404921
 148  0.00869056027
 149  0.00924520341
 150  0.00736161924
 151  0.00782688523
 152  0.0104862809
 153  0.0107816824
 154  0.0110153861
 155  0.0121013185
 156  0.0132476834
 157  0.0123614149
 158  0.0106393971
 159  0.0100147616
 160  0.0101726311
 161  0.0100925269
 162  0.0101730724
 163  0.0141491191
 164  0.0196733925
 165  0.0206080932
 166  0.0216593456
 167  0.0239495556
 168  0.0219927516
 169  0.021511164
 170  0.0239796259
 171  0.0257879342
 172  0.0273539299
 173  0.0283578192
 174  0.0273085697
 175  0.0301405966
 176  0.0269976555
 177  0.027493853
 178  0.0266963022
 179  0.0254819962
 180  0.0241820625
 181  0.0250743965
 182  0.0229059364
 183  0.0207599061
 184  0.017688628
 185  0.0161434576
 186  0.0151060729
 187  0.0139889146
 188  0.0129540017
 189  0.0200055698
 190  0.0208498194
 191  0.0212757496
 192  0.0231822748
 193  0.0222211356
 194  0.0207174785
 195  0.0185285168
 196  0.021986421
 197  0.0225797371
 198  0.0199079659
 199  0.0202948333
 200  0.0196969985
 201  0.0201296352
 202  0.025123925
 203  0.0257294273
 204  0.0225748771
 205  0.0262271682
 206  0.0234498449
 207  0.0293518769
