 1  0.0282980262
 2  0.0281641455
 3  0.0265496257
 4  0.0281017943
 5  0.0304731727
 6  0.0268341105
 7  0.0229958522
 8  0.0192729019
 9  0.015077831
 10  0.0122972404
 11  0.010546467
 12  0.0100029263
 13  0.0100701625
 14  0.0104998622
 15  0.0139638172
 16  0.0149964558
 17  0.0189759526
 18  0.0199811542
 19  0.0235237329
 20  0.0232444416
 21  0.0257813413
 22  0.0255730398
 23  0.0266509701
 24  0.0261506037
 25  0.0261276154
 26  0.0259865923
 27  0.0257168927
 28  0.0244652947
 29  0.0239260666
 30  0.0232409829
 31  0.0234608631
 32  0.0230383487
 33  0.0226878547
 34  0.0228302881
 35  0.0209783778
 36  0.0209137541
 37  0.0187357675
 38  0.0227927779
 39  0.0209972389
 40  0.0167709657
 41  0.0167351311
 42  0.0150685156
 43  0.0105115881
 44  0.00894135594
 45  0.00783818132
 46  0.00779097921
 47  0.00814323177
 48  0.00960999678
 49  0.0113948755
 50  0.0083643851
 51  0.0104930128
 52  0.0136859599
 53  0.0138186683
 54  0.0153141216
 55  0.0132868602
 56  0.0220510384
 57  0.0197184092
 58  0.0188905341
 59  0.0186049178
 60  0.0178724738
 61  0.0185248454
 62  0.0168076447
 63  0.0170741378
 64  0.0194369633
 65  0.0195763193
 66  0.0178738525
 67  0.0160172065
 68  0.0159701935
 69  0.0210673212
 70  0.0207777867
 71  0.0219300901
 72  0.0213529471
 73  0.0228630387
 74  0.025279161
 75  0.0282964966
 76  0.0277885252
 77  0.025489263
 78  0.0231307026
 79  0.0242227866
 80  0.023392162
 81  0.0224601498
 82  0.020778479
 83  0.0192986981
 84  0.0158963061
 85  0.0143577214
 86  0.0108980483
 87  0.0129098249
 88  0.0112873655
 89  0.0119945071
 90  0.0104274522
 91  0.0140499558
 92  0.0116553272
 93  0.0105924882
 94  0.00999714566
 95  0.0114577459
 96  0.0143572637
 97  0.016094803
 98  0.0198137095
 99  0.023937227
 100  0.0280967214
 101  0.033129654
 102  0.0340619081
 103  0.0316647376
 104  0.0259290313
 105  0.0223358125
 106  0.0232400764
 107  0.0214150025
 108  0.0252351144
 109  0.0237221184
 110  0.0178042654
 111  0.0159245395
 112  0.0134817903
 113  0.0125428614
 114  0.0107995829
 115  0.0107305085
 116  0.00982532824
 117  0.0103180046
 118  0.00975612628
 119  0.0111542796
 120  0.0107885178
 121  0.0101617183
 122  0.00889741707
 123  0.00887146751
 124  0.00947661254
 125  0.00869896927
 126  0.00932946172
 127  0.00888267287
 128  0.00897442677
 129  0.010120912
 130  0.0110810303
 131  0.0129857799
 132  0.0202621201
 133  0.0187716777
 134  0.0170899733
 135  0.0158913498
 136  0.0173746737
 137  0.016826831
 138  0.0194287154
 139  0.0211040394
 140  0.0194990759
 141  0.0155125224
 142  0.0159086784
 143  0.0155853232
 144  0.0153363532
 145  0.0143266547
 146  0.0116773484
 147  0.0106199851
 148  0.00807891728
 149  0.00958982217
 150  0.00853295431
 151  0.00908802091
 152  0.0102816086
 153  0.0108016265
 154  0.0103435649
 155  0.0100838819
 156  0.0112004046
 157  0.0113083248
 158  0.0108246017
 159  0.011557543
 160  0.0111245864
 161  0.0121567282
 162  0.0117646161
 163  0.0157655564
 164  0.0189488052
 165  0.0204048663
 166  0.0218593438
 167  0.023147788
 168  0.0224101058
 169  0.0218421885
 170  0.023056303
 171  0.0253919105
 172  0.0245488749
 173  0.0229457828
 174  0.0213555229
 175  0.0210753145
 176  0.0197373417
 177  0.0200241482
 178  0.0222911249
 179  0.0206297031
 180  0.0173386514
 181  0.0186046178
 182  0.0164101327
 183  0.0167404298
 184  0.0166801621
 185  0.0150040123
 186  0.013524456
 187  0.0121498988
 188  0.0117039698
 189  0.0178872267
 190  0.0193036116
 191  0.018208886
 192  0.0187415354
 193  0.0172532746
 194  0.0154719136
 195  0.0149103023
 196  0.0177794883
 197  0.0196592004
 198  0.01845756
 199  0.0203766091
 200  0.0187415043
 201  0.0195006559
 202  0.0211168642
 203  0.021756243
 204  0.01966736
 205  0.0200287854
 206  0.0187245547
 207  0.0215986625
