 1  0.513597265
 2  0.478954825
 3  0.412642154
 4  0.394788327
 5  0.343425555
 6  0.317350418
 7  0.277987574
 8  0.259987962
 9  0.256269677
 10  0.264555656
 11  0.272631961
 12  0.284151043
 13  0.264235889
 14  0.298374244
 15  0.287986686
 16  0.302374009
 17  0.288293241
 18  0.309367192
 19  0.329093715
 20  0.344418907
 21  0.383214065
 22  0.391902556
 23  0.419158482
 24  0.399017196
 25  0.414097266
 26  0.413545026
 27  0.42728433
 28  0.377635608
 29  0.333916196
 30  0.331582808
 31  0.340981382
 32  0.3441473
 33  0.343357614
 34  0.356160779
 35  0.338770402
 36  0.351729235
 37  0.344138782
 38  0.342979219
 39  0.332755916
 40  0.346558804
 41  0.36960571
 42  0.396795899
 43  0.355443302
 44  0.368511533
 45  0.327273375
 46  0.325718923
 47  0.306290339
 48  0.294905076
 49  0.283962217
 50  0.267976741
 51  0.265953127
 52  0.253235882
 53  0.24517794
 54  0.261579889
 55  0.243075258
 56  0.281576522
 57  0.299350755
 58  0.359799454
 59  0.328274045
 60  0.315390456
 61  0.353128442
 62  0.372532328
 63  0.383256185
 64  0.423443599
 65  0.397634804
 66  0.3693421
 67  0.401891914
 68  0.389585869
 69  0.382539079
 70  0.365141974
 71  0.438240142
 72  0.512207829
 73  0.492284683
 74  0.544089985
 75  0.619811166
 76  0.581316218
 77  0.450337137
 78  0.373081469
 79  0.317950017
 80  0.261223654
 81  0.222294967
 82  0.228632007
 83  0.239120662
 84  0.242874305
 85  0.267470129
 86  0.260464188
 87  0.294913563
 88  0.285096786
 89  0.283051688
 90  0.261863498
 91  0.259276849
 92  0.236906406
 93  0.223361119
 94  0.224037119
 95  0.228424731
 96  0.263229653
 97  0.324667181
 98  0.354706735
 99  0.457477262
 100  0.531570489
 101  0.606139684
 102  0.663808377
 103  0.60364791
 104  0.515514323
 105  0.446483162
 106  0.413285645
 107  0.333497837
 108  0.317836607
 109  0.265404551
 110  0.239021023
 111  0.235949987
 112  0.240324318
 113  0.247920947
 114  0.246363029
 115  0.2747815
 116  0.295084308
 117  0.341920141
 118  0.363842352
 119  0.421239403
 120  0.383290455
 121  0.36167505
 122  0.320148573
 123  0.350189693
 124  0.390648442
 125  0.352515013
 126  0.373018976
 127  0.329008485
 128  0.318841477
 129  0.308287334
 130  0.285545429
 131  0.280655325
 132  0.284167453
 133  0.263822014
 134  0.248455991
 135  0.221129676
 136  0.21994721
 137  0.217701859
 138  0.237218805
 139  0.264936901
 140  0.244512453
 141  0.255772211
 142  0.283395799
 143  0.300706495
 144  0.274210275
 145  0.252528968
 146  0.227397194
 147  0.232876181
 148  0.234733146
 149  0.246893545
 150  0.251695029
 151  0.273374326
 152  0.30340556
 153  0.314244199
 154  0.351565933
 155  0.379588249
 156  0.380135493
 157  0.332697587
 158  0.303429772
 159  0.307593249
 160  0.331726614
 161  0.293103825
 162  0.270326761
 163  0.269078322
 164  0.249385529
 165  0.250929643
 166  0.235160377
 167  0.241537618
 168  0.260710756
 169  0.333026042
 170  0.396324156
 171  0.473201122
 172  0.54671994
 173  0.529241347
 174  0.494447892
 175  0.470550146
 176  0.373289471
 177  0.332925646
 178  0.304733097
 179  0.251927584
 180  0.23225775
 181  0.23677236
 182  0.244761178
 183  0.25542029
 184  0.260052122
 185  0.278278167
 186  0.280055363
 187  0.317910013
 188  0.342413181
 189  0.366350956
 190  0.402864874
 191  0.406524857
 192  0.436412076
 193  0.463840565
 194  0.432291893
 195  0.386351071
 196  0.379130818
 197  0.377576792
 198  0.357080023
 199  0.351278744
 200  0.316235896
 201  0.307678175
 202  0.285620728
 203  0.297494814
 204  0.291991094
 205  0.311799389
 206  0.325399336
 207  0.333308103
