 1  0.561136499
 2  0.540030908
 3  0.480458344
 4  0.488765813
 5  0.425406638
 6  0.422558684
 7  0.34197587
 8  0.342833546
 9  0.292418779
 10  0.284916453
 11  0.284630337
 12  0.292468181
 13  0.276748543
 14  0.317670369
 15  0.32609
 16  0.358425866
 17  0.383137093
 18  0.387472005
 19  0.43641513
 20  0.430957278
 21  0.47377616
 22  0.460229945
 23  0.474219417
 24  0.432457318
 25  0.418194527
 26  0.408353408
 27  0.408365718
 28  0.389889247
 29  0.352621477
 30  0.360917074
 31  0.374154507
 32  0.392842829
 33  0.403519799
 34  0.432191738
 35  0.411951267
 36  0.441689497
 37  0.419781939
 38  0.467779885
 39  0.443267938
 40  0.404218152
 41  0.417320366
 42  0.4310242
 43  0.382899106
 44  0.388433125
 45  0.349987102
 46  0.340003511
 47  0.309699749
 48  0.298936592
 49  0.277538882
 50  0.25100707
 51  0.254571391
 52  0.235860245
 53  0.233458318
 54  0.269133096
 55  0.240231232
 56  0.301479814
 57  0.310077392
 58  0.370743009
 59  0.338528347
 60  0.327418257
 61  0.366642923
 62  0.38093571
 63  0.403443541
 64  0.427826034
 65  0.421730816
 66  0.390464584
 67  0.409772647
 68  0.407708279
 69  0.398884416
 70  0.391266713
 71  0.448100251
 72  0.505745248
 73  0.504676887
 74  0.552103804
 75  0.648148711
 76  0.641302308
 77  0.505312986
 78  0.409900724
 79  0.331132691
 80  0.258367812
 81  0.232653686
 82  0.228174759
 83  0.243187116
 84  0.238930689
 85  0.273181608
 86  0.261474344
 87  0.303184114
 88  0.289363913
 89  0.281303742
 90  0.25675145
 91  0.261303292
 92  0.242424986
 93  0.228508488
 94  0.230297191
 95  0.248767042
 96  0.290451162
 97  0.385080307
 98  0.403191891
 99  0.537396718
 100  0.595695997
 101  0.694586341
 102  0.725174062
 103  0.645099706
 104  0.58160746
 105  0.513476344
 106  0.504678361
 107  0.395827755
 108  0.413271694
 109  0.31305034
 110  0.283986725
 111  0.250170456
 112  0.249842732
 113  0.257500136
 114  0.251405194
 115  0.271540365
 116  0.289073592
 117  0.325819854
 118  0.333826469
 119  0.401890581
 120  0.380522915
 121  0.381381328
 122  0.337391763
 123  0.354453245
 124  0.396782015
 125  0.367389271
 126  0.398797045
 127  0.347794012
 128  0.340245284
 129  0.333856591
 130  0.295744613
 131  0.316641941
 132  0.331489086
 133  0.301847646
 134  0.288330388
 135  0.227668853
 136  0.246110878
 137  0.230866627
 138  0.255029347
 139  0.27259722
 140  0.239585109
 141  0.25042212
 142  0.283704191
 143  0.295448584
 144  0.266888143
 145  0.258737132
 146  0.231054826
 147  0.236091317
 148  0.230427242
 149  0.254800452
 150  0.240089018
 151  0.285564205
 152  0.319631018
 153  0.358107963
 154  0.394017759
 155  0.426561632
 156  0.434045425
 157  0.394147938
 158  0.328345172
 159  0.342648339
 160  0.33174121
 161  0.299496859
 162  0.260312372
 163  0.265925342
 164  0.238485888
 165  0.25496181
 166  0.235674893
 167  0.244810299
 168  0.259689136
 169  0.328053976
 170  0.427882728
 171  0.540753438
 172  0.594090847
 173  0.551053034
 174  0.498234407
 175  0.475426871
 176  0.381390056
 177  0.343740717
 178  0.330077415
 179  0.295075317
 180  0.261965877
 181  0.265569028
 182  0.257809168
 183  0.303541374
 184  0.290801192
 185  0.325586094
 186  0.30493233
 187  0.374404281
 188  0.394938424
 189  0.448942626
 190  0.480283
 191  0.47282849
 192  0.501719746
 193  0.517627195
 194  0.473469364
 195  0.428545907
 196  0.439863042
 197  0.450242371
 198  0.417676735
 199  0.417406527
 200  0.36360742
 201  0.360048692
 202  0.314957339
 203  0.345079831
 204  0.329091348
 205  0.360567895
 206  0.348819547
 207  0.395207359
