 1  0.0336825464
 2  0.0318371513
 3  0.0266328138
 4  0.0273325276
 5  0.0250914168
 6  0.020021512
 7  0.0165492228
 8  0.013905614
 9  0.0130915733
 10  0.0132914058
 11  0.0125151925
 12  0.0134757094
 13  0.0138412219
 14  0.012873903
 15  0.0134019033
 16  0.0120368838
 17  0.0136080128
 18  0.0155904124
 19  0.0192653678
 20  0.0214620038
 21  0.025449971
 22  0.0257738226
 23  0.0284603389
 24  0.0291417716
 25  0.0329124574
 26  0.0313520909
 27  0.034184705
 28  0.0335472191
 29  0.0283615115
 30  0.0272170895
 31  0.0247887515
 32  0.0229708071
 33  0.0219598429
 34  0.0209644197
 35  0.0181538392
 36  0.0164431993
 37  0.0142827454
 38  0.0160385173
 39  0.0146205703
 40  0.0124104097
 41  0.0117527165
 42  0.010400786
 43  0.00947420441
 44  0.0108184528
 45  0.00979011838
 46  0.00903226771
 47  0.00779130522
 48  0.0095829253
 49  0.0133952452
 50  0.00794232905
 51  0.00842975767
 52  0.0115990827
 53  0.011319051
 54  0.011888687
 55  0.0169017628
 56  0.018657332
 57  0.0167178938
 58  0.0189704081
 59  0.0194914424
 60  0.018690272
 61  0.0217953434
 62  0.0184888313
 63  0.0202472357
 64  0.0225556188
 65  0.0195416091
 66  0.0175020443
 67  0.0157340104
 68  0.017526575
 69  0.0200573756
 70  0.0211520239
 71  0.0235682076
 72  0.022211522
 73  0.0215583265
 74  0.0243964351
 75  0.0269167055
 76  0.0247989687
 77  0.0227617674
 78  0.0206348338
 79  0.0201276989
 80  0.0182190911
 81  0.0186085571
 82  0.0177350411
 83  0.0180574403
 84  0.0147868399
 85  0.0169356028
 86  0.0140649255
 87  0.0158575502
 88  0.0146229871
 89  0.0156409156
 90  0.0131441451
 91  0.0154795071
 92  0.0115790573
 93  0.0109105981
 94  0.0107788411
 95  0.0105846813
 96  0.0104783739
 97  0.0129679814
 98  0.0149596701
 99  0.0224617136
 100  0.030291027
 101  0.0360106139
 102  0.0396811121
 103  0.0375956563
 104  0.0265288953
 105  0.0218461048
 106  0.0214745923
 107  0.0181919993
 108  0.0172925557
 109  0.0147768829
 110  0.0131542437
 111  0.0146191492
 112  0.0144184127
 113  0.0134100542
 114  0.0131419725
 115  0.0140929687
 116  0.0126016203
 117  0.0134917987
 118  0.0131472046
 119  0.0140658881
 120  0.013150999
 121  0.0119410528
 122  0.0108609679
 123  0.0115346845
 124  0.0118167511
 125  0.0100615061
 126  0.0106419448
 127  0.0100816341
 128  0.00936902201
 129  0.010439148
 130  0.0120201929
 131  0.0142704613
 132  0.020521498
 133  0.0213959919
 134  0.0227696391
 135  0.0228366265
 136  0.0213830115
 137  0.0202894
 138  0.0210190634
 139  0.0213036968
 140  0.0229407385
 141  0.0198517157
 142  0.0162228353
 143  0.0161582718
 144  0.0156514804
 145  0.0146576813
 146  0.0135564575
 147  0.0135165247
 148  0.0123888008
 149  0.0126264451
 150  0.011315231
 151  0.010593101
 152  0.0127515606
 153  0.0121982193
 154  0.0123513251
 155  0.0117520454
 156  0.0120068915
 157  0.0112596204
 158  0.0113115397
 159  0.0132466907
 160  0.0140666166
 161  0.0149310646
 162  0.0144283552
 163  0.0183197971
 164  0.0181413389
 165  0.0210167822
 166  0.0193302361
 167  0.0197356018
 168  0.0189217815
 169  0.0194765414
 170  0.0201832321
 171  0.0216374623
 172  0.0212393972
 173  0.0200987481
 174  0.0192896122
 175  0.0188304563
 176  0.0202667024
 177  0.0218498477
 178  0.0221220283
 179  0.0208263277
 180  0.0212869336
 181  0.0238406937
 182  0.0190802763
 183  0.0186555844
 184  0.0157001374
 185  0.0133696113
 186  0.0115552786
 187  0.0106628456
 188  0.0101753298
 189  0.0172006379
 190  0.016962477
 191  0.0139663376
 192  0.0139809296
 193  0.0118354292
 194  0.0100868348
 195  0.0105352286
 196  0.0127365129
 197  0.015003599
 198  0.0146580739
 199  0.017954612
 200  0.0173663955
 201  0.0191597594
 202  0.0199101951
 203  0.0224537896
 204  0.0190220704
 205  0.0193341962
 206  0.0193548376
 207  0.020875343
