 1  0.408109848
 2  0.38745667
 3  0.35032749
 4  0.339846798
 5  0.310553194
 6  0.290205428
 7  0.252926321
 8  0.249057641
 9  0.224016083
 10  0.222977216
 11  0.235599207
 12  0.240127464
 13  0.203940329
 14  0.259301487
 15  0.264769971
 16  0.289719811
 17  0.288242729
 18  0.304019047
 19  0.322029627
 20  0.334789285
 21  0.355578356
 22  0.357888484
 23  0.365559231
 24  0.350845192
 25  0.357344867
 26  0.348534405
 27  0.365514006
 28  0.349561535
 29  0.318271048
 30  0.323903571
 31  0.327822282
 32  0.3406964
 33  0.339080805
 34  0.370243383
 35  0.348690133
 36  0.367539933
 37  0.357882432
 38  0.350188726
 39  0.331507087
 40  0.337397252
 41  0.369303919
 42  0.397610074
 43  0.33471294
 44  0.336262064
 45  0.302162024
 46  0.30789631
 47  0.285187176
 48  0.277082694
 49  0.258706848
 50  0.244251442
 51  0.248743134
 52  0.233067547
 53  0.234848911
 54  0.246554182
 55  0.246129121
 56  0.260384935
 57  0.285063707
 58  0.329416412
 59  0.304660235
 60  0.309836533
 61  0.336533603
 62  0.360952111
 63  0.36533547
 64  0.396581052
 65  0.400868737
 66  0.373706442
 67  0.38992469
 68  0.3626621
 69  0.364003774
 70  0.340706423
 71  0.376616155
 72  0.43586194
 73  0.429013165
 74  0.434413517
 75  0.479844816
 76  0.483524346
 77  0.392549996
 78  0.350837518
 79  0.299368712
 80  0.250461566
 81  0.228606533
 82  0.208057197
 83  0.203093783
 84  0.203998934
 85  0.23604655
 86  0.244465794
 87  0.258668154
 88  0.237526711
 89  0.229329979
 90  0.232051031
 91  0.2085524
 92  0.192544408
 93  0.188906296
 94  0.197551009
 95  0.211990192
 96  0.241318959
 97  0.29742111
 98  0.310157846
 99  0.386559558
 100  0.423607224
 101  0.458433778
 102  0.485241963
 103  0.44794479
 104  0.400685191
 105  0.365761556
 106  0.346489411
 107  0.289958468
 108  0.285126852
 109  0.240662754
 110  0.217504436
 111  0.20087481
 112  0.199011643
 113  0.204434138
 114  0.197386698
 115  0.221461751
 116  0.254617938
 117  0.277294553
 118  0.29047916
 119  0.341172757
 120  0.312523255
 121  0.322814304
 122  0.284715227
 123  0.305241077
 124  0.380747466
 125  0.359337275
 126  0.396973577
 127  0.332914834
 128  0.339297182
 129  0.317141737
 130  0.280388201
 131  0.279219607
 132  0.27398851
 133  0.239185159
 134  0.232943933
 135  0.227051282
 136  0.237866494
 137  0.249237197
 138  0.269862804
 139  0.301426418
 140  0.285748786
 141  0.293015512
 142  0.349129982
 143  0.349913092
 144  0.30312221
 145  0.273517706
 146  0.250042922
 147  0.226447791
 148  0.212845733
 149  0.219925242
 150  0.232412359
 151  0.266696189
 152  0.295326007
 153  0.318963361
 154  0.354178932
 155  0.427084144
 156  0.398648512
 157  0.324662763
 158  0.281111364
 159  0.272670889
 160  0.292808483
 161  0.26622621
 162  0.23984533
 163  0.240459523
 164  0.216541639
 165  0.226068407
 166  0.230237032
 167  0.260827643
 168  0.275727787
 169  0.34577701
 170  0.403228508
 171  0.48048333
 172  0.545760936
 173  0.55133977
 174  0.487739343
 175  0.482986871
 176  0.408681474
 177  0.361566313
 178  0.325241706
 179  0.289121138
 180  0.270286215
 181  0.258494965
 182  0.255889414
 183  0.25686851
 184  0.2574909
 185  0.286525003
 186  0.284165908
 187  0.337311028
 188  0.374907773
 189  0.434691813
 190  0.489661897
 191  0.47711314
 192  0.529189439
 193  0.553061909
 194  0.482219111
 195  0.418069984
 196  0.414649021
 197  0.422560373
 198  0.394712498
 199  0.392554881
 200  0.336932092
 201  0.324394606
 202  0.291364741
 203  0.301138438
 204  0.283085989
 205  0.300251786
 206  0.313595321
 207  0.320324916
