 1  0.0151352541
 2  0.0143458889
 3  0.0138721597
 4  0.0140912958
 5  0.0147685902
 6  0.0137964836
 7  0.0133989758
 8  0.0124860372
 9  0.0110215949
 10  0.00965207766
 11  0.00943300248
 12  0.00896496091
 13  0.00866478261
 14  0.0115146483
 15  0.0128546476
 16  0.0140078898
 17  0.0150527443
 18  0.0152345616
 19  0.0156642098
 20  0.0157383206
 21  0.0157353043
 22  0.0153421849
 23  0.0150773575
 24  0.0153041744
 25  0.0166478249
 26  0.0165651473
 27  0.0188694839
 28  0.0193172407
 29  0.0186892632
 30  0.0182254182
 31  0.0154409272
 32  0.0160136563
 33  0.0155941188
 34  0.0171650429
 35  0.0165421227
 36  0.0178422904
 37  0.0175056663
 38  0.0178635743
 39  0.0171493124
 40  0.0166188526
 41  0.0175072615
 42  0.0181272811
 43  0.0146829901
 44  0.0128212058
 45  0.0108243689
 46  0.0121090421
 47  0.0140972711
 48  0.0140388917
 49  0.0120973241
 50  0.00913609353
 51  0.0109793863
 52  0.0106689056
 53  0.00982928462
 54  0.0109713011
 55  0.0149728544
 56  0.0114110305
 57  0.0120531481
 58  0.0127986211
 59  0.012284097
 60  0.0145656431
 61  0.0165706061
 62  0.0143687095
 63  0.0176448372
 64  0.0236286488
 65  0.0247284564
 66  0.0214977358
 67  0.0206914439
 68  0.017433259
 69  0.0208943786
 70  0.0178088338
 71  0.0192323097
 72  0.0231546325
 73  0.0219730336
 74  0.0214092342
 75  0.0229709561
 76  0.0238644391
 77  0.0191624484
 78  0.0171195954
 79  0.0160682813
 80  0.014207852
 81  0.0123977068
 82  0.0104249598
 83  0.00833115867
 84  0.00888267471
 85  0.00827742834
 86  0.00901115178
 87  0.0087820612
 88  0.00766449245
 89  0.00679969695
 90  0.00724197388
 91  0.00668972403
 92  0.00580656148
 93  0.0044980881
 94  0.00581095333
 95  0.00605025956
 96  0.0078419111
 97  0.00981614091
 98  0.0105823619
 99  0.0142522669
 100  0.0172385709
 101  0.0180989711
 102  0.0178657588
 103  0.0157358395
 104  0.0113246022
 105  0.0109252974
 106  0.0105719071
 107  0.0103726047
 108  0.0112147727
 109  0.0115477052
 110  0.0103600181
 111  0.0113631478
 112  0.00819837338
 113  0.00809179155
 114  0.00671882818
 115  0.00691434701
 116  0.00806177307
 117  0.00889079665
 118  0.00976968996
 119  0.0115259704
 120  0.010282998
 121  0.0109412719
 122  0.00971395872
 123  0.0104649529
 124  0.0128506241
 125  0.0127359454
 126  0.0136111696
 127  0.0125877143
 128  0.0140447416
 129  0.0144384197
 130  0.0129820738
 131  0.0152704457
 132  0.0177661024
 133  0.0166204713
 134  0.0177356529
 135  0.0168893286
 136  0.0167404869
 137  0.0174429472
 138  0.0191153617
 139  0.0205139198
 140  0.0198065615
 141  0.0182861929
 142  0.0164550379
 143  0.0167486836
 144  0.0137748612
 145  0.00748539659
 146  0.00619879873
 147  0.00485687368
 148  0.0051341115
 149  0.00768030971
 150  0.00712650714
 151  0.00773745164
 152  0.0121352539
 153  0.012654956
 154  0.0133251932
 155  0.0153456282
 156  0.0134906059
 157  0.0111186199
 158  0.0105613761
 159  0.0103396768
 160  0.0116366298
 161  0.0102938613
 162  0.010342485
 163  0.0104144179
 164  0.0117668271
 165  0.0116033628
 166  0.0130302439
 167  0.0145964062
 168  0.0149615715
 169  0.0182230194
 170  0.0211103498
 171  0.0243614255
 172  0.0279113666
 173  0.0297282173
 174  0.0272284818
 175  0.0301120896
 176  0.0255135736
 177  0.0240045588
 178  0.0220627623
 179  0.0210820492
 180  0.0201973831
 181  0.0188799946
 182  0.0159195114
 183  0.0160605516
 184  0.0146029595
 185  0.0155195383
 186  0.014277891
 187  0.0156350498
 188  0.016467928
 189  0.0206134987
 190  0.0222545333
 191  0.0214907928
 192  0.0236596319
 193  0.0228364042
 194  0.0202017113
 195  0.0184418522
 196  0.0193167124
 197  0.0199531656
 198  0.0182447851
 199  0.0182575562
 200  0.0169258091
 201  0.0168774257
 202  0.0170077682
 203  0.0198308735
 204  0.0172305196
 205  0.0167047674
 206  0.0171624183
 207  0.0186868887
