 1  0.581478473
 2  0.542754147
 3  0.485538018
 4  0.506999588
 5  0.459549779
 6  0.501736024
 7  0.422408838
 8  0.470378812
 9  0.397417048
 10  0.383248056
 11  0.33499571
 12  0.33910312
 13  0.376550007
 14  0.42939782
 15  0.521550575
 16  0.508631405
 17  0.549726942
 18  0.505889945
 19  0.535327361
 20  0.491879049
 21  0.515344499
 22  0.492854877
 23  0.517251805
 24  0.518309896
 25  0.554952754
 26  0.511250765
 27  0.598187524
 28  0.6203436
 29  0.51742839
 30  0.502417866
 31  0.467186147
 32  0.469426374
 33  0.452911751
 34  0.494093815
 35  0.486387254
 36  0.550223153
 37  0.559389169
 38  0.656430964
 39  0.677385679
 40  0.616308709
 41  0.617283001
 42  0.611184357
 43  0.489256124
 44  0.440373095
 45  0.36744989
 46  0.324937566
 47  0.305043379
 48  0.278895358
 49  0.264535225
 50  0.263379979
 51  0.249419473
 52  0.234615067
 53  0.229336054
 54  0.272416647
 55  0.307533499
 56  0.314369834
 57  0.351404554
 58  0.403426837
 59  0.419680306
 60  0.456563007
 61  0.576099401
 62  0.590574434
 63  0.703368971
 64  0.729411533
 65  0.749894544
 66  0.622335391
 67  0.558664317
 68  0.514128253
 69  0.446067084
 70  0.405964277
 71  0.468707046
 72  0.505361606
 73  0.468320658
 74  0.4814099
 75  0.529811813
 76  0.521911103
 77  0.447921887
 78  0.370796846
 79  0.314554051
 80  0.248049006
 81  0.254694876
 82  0.254729128
 83  0.264848236
 84  0.265947744
 85  0.296184528
 86  0.28300942
 87  0.29404593
 88  0.277228215
 89  0.293420842
 90  0.268932431
 91  0.284401069
 92  0.27634575
 93  0.262828807
 94  0.269869503
 95  0.275040363
 96  0.291768142
 97  0.37110773
 98  0.363062485
 99  0.472770943
 100  0.501569881
 101  0.587822148
 102  0.596403885
 103  0.567404973
 104  0.532160109
 105  0.470257999
 106  0.487433628
 107  0.392482996
 108  0.448961195
 109  0.351204788
 110  0.361425967
 111  0.316259237
 112  0.305757762
 113  0.301546582
 114  0.278302939
 115  0.294310729
 116  0.28842477
 117  0.313329048
 118  0.347039991
 119  0.35492209
 120  0.325380449
 121  0.349107884
 122  0.334931006
 123  0.363323522
 124  0.373078237
 125  0.340958057
 126  0.365441555
 127  0.322865297
 128  0.315244491
 129  0.324220545
 130  0.294022522
 131  0.349708266
 132  0.38626739
 133  0.360885408
 134  0.37121
 135  0.309631818
 136  0.335506415
 137  0.326263831
 138  0.348836538
 139  0.325729547
 140  0.271402862
 141  0.237480361
 142  0.295450479
 143  0.343150114
 144  0.316836596
 145  0.302290232
 146  0.294346983
 147  0.291697661
 148  0.290836789
 149  0.29366061
 150  0.261098654
 151  0.292744934
 152  0.31028382
 153  0.351093388
 154  0.366898161
 155  0.385890897
 156  0.365313488
 157  0.343154852
 158  0.272470699
 159  0.292072029
 160  0.289728605
 161  0.282128003
 162  0.267318214
 163  0.284343092
 164  0.267619161
 165  0.277908602
 166  0.265173194
 167  0.267765535
 168  0.262543853
 169  0.316067582
 170  0.409588565
 171  0.475625653
 172  0.50631168
 173  0.503303791
 174  0.493564972
 175  0.5378145
 176  0.474231954
 177  0.489908371
 178  0.489178705
 179  0.44148468
 180  0.419379445
 181  0.411949014
 182  0.381950553
 183  0.44126348
 184  0.392429912
 185  0.412918789
 186  0.357000376
 187  0.426556886
 188  0.426472009
 189  0.520168479
 190  0.534312767
 191  0.527311583
 192  0.56920219
 193  0.564315761
 194  0.55728923
 195  0.498709529
 196  0.560151989
 197  0.542861099
 198  0.479404848
 199  0.4802225
 200  0.413710961
 201  0.439390513
 202  0.402732216
 203  0.472310869
 204  0.449848559
 205  0.542343368
 206  0.530818326
 207  0.64056338
