 1  0.0240686558
 2  0.0215381625
 3  0.0183295618
 4  0.0183200489
 5  0.0176531078
 6  0.0159543791
 7  0.0150529831
 8  0.0133092908
 9  0.0142660836
 10  0.0143194243
 11  0.0147914373
 12  0.0150312835
 13  0.0142286471
 14  0.0163710087
 15  0.0155253629
 16  0.0155786995
 17  0.0142142932
 18  0.014885665
 19  0.0147146812
 20  0.0146575282
 21  0.0155627441
 22  0.0155049119
 23  0.0177822626
 24  0.0187058099
 25  0.0222379
 26  0.0241012312
 27  0.0271220599
 28  0.0243595096
 29  0.0212524693
 30  0.0187889136
 31  0.01572289
 32  0.0139057141
 33  0.0128552471
 34  0.01326189
 35  0.0139341535
 36  0.0148178216
 37  0.0154714034
 38  0.0157707831
 39  0.016452616
 40  0.0173914925
 41  0.0173225923
 42  0.0180427109
 43  0.0162599418
 44  0.0166455942
 45  0.0149218295
 46  0.0154062933
 47  0.0153938908
 48  0.0162534751
 49  0.0167295246
 50  0.0111341759
 51  0.0114583951
 52  0.0123089822
 53  0.0110860423
 54  0.0100836947
 55  0.0153422565
 56  0.0140422564
 57  0.0142248
 58  0.0174339505
 59  0.0153090811
 60  0.0164104257
 61  0.0204303163
 62  0.0204885575
 63  0.0261013678
 64  0.032545179
 65  0.0298705001
 66  0.0239027254
 67  0.0230192615
 68  0.0210685185
 69  0.0239096697
 70  0.0226151544
 71  0.0271723708
 72  0.0300108639
 73  0.0281739137
 74  0.0308101274
 75  0.0344408214
 76  0.033073749
 77  0.0262931259
 78  0.0213558845
 79  0.01890323
 80  0.0159983271
 81  0.0141737246
 82  0.0156475228
 83  0.0160322717
 84  0.0145394343
 85  0.0159007584
 86  0.0150875231
 87  0.0161346055
 88  0.0151240719
 89  0.0149339168
 90  0.0137261317
 91  0.0143755791
 92  0.0106995714
 93  0.00818594303
 94  0.00780933117
 95  0.00723634219
 96  0.00882987661
 97  0.0116381266
 98  0.013779992
 99  0.0222623911
 100  0.0291029308
 101  0.0335075816
 102  0.0353989436
 103  0.0302520244
 104  0.0217491944
 105  0.0185701775
 106  0.0181210118
 107  0.0151891083
 108  0.0164734108
 109  0.0144410964
 110  0.0131962727
 111  0.0157615278
 112  0.0137644586
 113  0.0141368651
 114  0.0128582771
 115  0.0140094986
 116  0.0141849016
 117  0.0153549835
 118  0.0159883662
 119  0.0178201746
 120  0.0162761737
 121  0.0162212384
 122  0.014742307
 123  0.0158565882
 124  0.0178263261
 125  0.0166029313
 126  0.0173385548
 127  0.0154880705
 128  0.0152571942
 129  0.0157521274
 130  0.0153762501
 131  0.0175966353
 132  0.0189974269
 133  0.0190207977
 134  0.0190710172
 135  0.0189164634
 136  0.0170648427
 137  0.0160630658
 138  0.0164202488
 139  0.0160122053
 140  0.012815931
 141  0.011029785
 142  0.00925101202
 143  0.0106109325
 144  0.0104978378
 145  0.00717747896
 146  0.00822843738
 147  0.00902035628
 148  0.00978768063
 149  0.0127234433
 150  0.0115638611
 151  0.0121109903
 152  0.0160452244
 153  0.0159545023
 154  0.0172685093
 155  0.0182599434
 156  0.0171329672
 157  0.0149622149
 158  0.0136435629
 159  0.0149249055
 160  0.0169579363
 161  0.0165124904
 162  0.0154989138
 163  0.0174255358
 164  0.0165066155
 165  0.0177637624
 166  0.0163062891
 167  0.0151041701
 168  0.0161428114
 169  0.0187800543
 170  0.0234234625
 171  0.0286486497
 172  0.0323086167
 173  0.0314877513
 174  0.0294586192
 175  0.0309165349
 176  0.0226670306
 177  0.0223254427
 178  0.0209999505
 179  0.0177258834
 180  0.0183253024
 181  0.0194808016
 182  0.01747937
 183  0.0174734876
 184  0.0159387847
 185  0.0150940954
 186  0.013463911
 187  0.0131796848
 188  0.0132266681
 189  0.0153340729
 190  0.0165360215
 191  0.017111293
 192  0.0189532592
 193  0.0202096088
 194  0.0189372623
 195  0.0167200269
 196  0.0164629806
 197  0.0156462194
 198  0.0144756339
 199  0.0131883452
 200  0.0131475052
 201  0.0139733888
 202  0.0155744655
 203  0.0195736125
 204  0.0192162416
 205  0.0192866636
 206  0.020261262
 207  0.024422137
