 1  0.583773785
 2  0.585646814
 3  0.523868619
 4  0.552994862
 5  0.479438339
 6  0.475843615
 7  0.385493866
 8  0.373247212
 9  0.314893688
 10  0.301956049
 11  0.292239185
 12  0.305143932
 13  0.292755626
 14  0.328547988
 15  0.363236123
 16  0.407968179
 17  0.453662459
 18  0.471724354
 19  0.531561908
 20  0.51599583
 21  0.566614592
 22  0.532455231
 23  0.524747122
 24  0.483565718
 25  0.463133399
 26  0.417256292
 27  0.424538409
 28  0.417024586
 29  0.365102477
 30  0.391045152
 31  0.416068931
 32  0.455826316
 33  0.475048954
 34  0.523036623
 35  0.501614489
 36  0.54990523
 37  0.518516594
 38  0.604137712
 39  0.567809671
 40  0.486751119
 41  0.505839359
 42  0.488218422
 43  0.402066568
 44  0.393661622
 45  0.346628417
 46  0.328150593
 47  0.311706087
 48  0.281057747
 49  0.271960897
 50  0.257999287
 51  0.262364372
 52  0.243533842
 53  0.250905196
 54  0.311720744
 55  0.239945569
 56  0.299318029
 57  0.291931511
 58  0.350459931
 59  0.345405305
 60  0.337336913
 61  0.38264868
 62  0.389475306
 63  0.42881664
 64  0.436499598
 65  0.469646654
 66  0.420477476
 67  0.393507551
 68  0.367174991
 69  0.349171937
 70  0.328746204
 71  0.373601132
 72  0.405936664
 73  0.414418268
 74  0.468404512
 75  0.551134967
 76  0.515336528
 77  0.432206786
 78  0.345973898
 79  0.303804722
 80  0.25608569
 81  0.243644784
 82  0.252782008
 83  0.270329675
 84  0.262218562
 85  0.293021172
 86  0.257451255
 87  0.309320852
 88  0.292427288
 89  0.314721449
 90  0.275484702
 91  0.295437177
 92  0.26774749
 93  0.249486321
 94  0.242363172
 95  0.250832853
 96  0.28576858
 97  0.345592501
 98  0.380574032
 99  0.480918998
 100  0.547917657
 101  0.668764329
 102  0.710089586
 103  0.65808104
 104  0.60767998
 105  0.51505531
 106  0.51244709
 107  0.408586346
 108  0.408225659
 109  0.32661111
 110  0.293483369
 111  0.261196598
 112  0.261800252
 113  0.275143245
 114  0.272326219
 115  0.294364323
 116  0.309177687
 117  0.331337353
 118  0.331639799
 119  0.386965616
 120  0.376523392
 121  0.375928215
 122  0.34755279
 123  0.361118557
 124  0.381246107
 125  0.351803504
 126  0.358602247
 127  0.301490958
 128  0.282610296
 129  0.288996831
 130  0.267135918
 131  0.283443181
 132  0.306687577
 133  0.295905873
 134  0.295633872
 135  0.240465614
 136  0.282596118
 137  0.261801324
 138  0.298555592
 139  0.324271498
 140  0.294213966
 141  0.27644486
 142  0.314439382
 143  0.297575796
 144  0.285538366
 145  0.285227019
 146  0.247364749
 147  0.255662202
 148  0.230323006
 149  0.259594114
 150  0.225049001
 151  0.274614828
 152  0.285331408
 153  0.313568434
 154  0.326831834
 155  0.322407927
 156  0.343659129
 157  0.337354381
 158  0.293586196
 159  0.31707921
 160  0.305223885
 161  0.290888516
 162  0.254868239
 163  0.272096114
 164  0.249743611
 165  0.275481426
 166  0.260615183
 167  0.271978947
 168  0.265503643
 169  0.2990552
 170  0.357363824
 171  0.415898035
 172  0.445358373
 173  0.43143961
 174  0.409136431
 175  0.416224019
 176  0.387736115
 177  0.378984385
 178  0.411604704
 179  0.366772426
 180  0.313397011
 181  0.316020152
 182  0.279770573
 183  0.315081807
 184  0.289777849
 185  0.309818682
 186  0.292019921
 187  0.365028291
 188  0.392314782
 189  0.445488613
 190  0.487810079
 191  0.506747128
 192  0.550408582
 193  0.524031319
 194  0.509784007
 195  0.475607081
 196  0.531317606
 197  0.545939916
 198  0.48378435
 199  0.477931506
 200  0.407117288
 201  0.391301982
 202  0.325424482
 203  0.339881142
 204  0.323012862
 205  0.366974753
 206  0.370276114
 207  0.432030829
