 1  0.500714527
 2  0.478345135
 3  0.431447384
 4  0.434800523
 5  0.387859531
 6  0.392912733
 7  0.321332256
 8  0.353208947
 9  0.295977594
 10  0.286172135
 11  0.266839705
 12  0.265085888
 13  0.268845211
 14  0.306040741
 15  0.358142779
 16  0.365426237
 17  0.391242548
 18  0.372446997
 19  0.410414827
 20  0.409590927
 21  0.434942179
 22  0.438268362
 23  0.456631005
 24  0.445206277
 25  0.456831297
 26  0.413803237
 27  0.448942307
 28  0.476419675
 29  0.409822597
 30  0.425506572
 31  0.410294422
 32  0.426583068
 33  0.409350591
 34  0.434298576
 35  0.406910534
 36  0.427980641
 37  0.413121917
 38  0.451182407
 39  0.444011297
 40  0.410952027
 41  0.41519552
 42  0.442368425
 43  0.377520491
 44  0.359915769
 45  0.331519236
 46  0.324506627
 47  0.293621562
 48  0.293333274
 49  0.252306252
 50  0.231227891
 51  0.237833502
 52  0.211964657
 53  0.211068441
 54  0.246546847
 55  0.267956836
 56  0.270170436
 57  0.300185982
 58  0.354434214
 59  0.35094555
 60  0.35989078
 61  0.42118999
 62  0.42127322
 63  0.469659282
 64  0.49095475
 65  0.489809828
 66  0.431812872
 67  0.430098299
 68  0.412431052
 69  0.391633394
 70  0.372771733
 71  0.423610552
 72  0.479654626
 73  0.473918366
 74  0.494121734
 75  0.560866597
 76  0.57728094
 77  0.462119382
 78  0.391120965
 79  0.322287211
 80  0.23007583
 81  0.22817745
 82  0.201684053
 83  0.214598426
 84  0.210010968
 85  0.255833136
 86  0.261133783
 87  0.282832009
 88  0.23910095
 89  0.236374663
 90  0.225867876
 91  0.222350096
 92  0.214600265
 93  0.216461409
 94  0.221731488
 95  0.241131583
 96  0.262333755
 97  0.364015319
 98  0.355702468
 99  0.47601855
 100  0.509143594
 101  0.581288946
 102  0.59904768
 103  0.541822308
 104  0.500373298
 105  0.446732886
 106  0.444753361
 107  0.349752921
 108  0.384308458
 109  0.290181453
 110  0.290638605
 111  0.244865047
 112  0.242690845
 113  0.23532175
 114  0.225101696
 115  0.244938038
 116  0.243063946
 117  0.285804973
 118  0.297059939
 119  0.338742341
 120  0.320097259
 121  0.347973881
 122  0.312241186
 123  0.31723664
 124  0.363972107
 125  0.355579547
 126  0.404759264
 127  0.356844938
 128  0.368491784
 129  0.361892848
 130  0.307996964
 131  0.35350498
 132  0.364500934
 133  0.315977926
 134  0.299401413
 135  0.250662668
 136  0.259814161
 137  0.246813632
 138  0.266629351
 139  0.278989574
 140  0.276869775
 141  0.295758532
 142  0.32611597
 143  0.345200922
 144  0.284190893
 145  0.257680218
 146  0.240182315
 147  0.237574197
 148  0.238754031
 149  0.250796965
 150  0.246358471
 151  0.285061612
 152  0.324845067
 153  0.381409121
 154  0.409994637
 155  0.476161819
 156  0.455050355
 157  0.395309157
 158  0.304338967
 159  0.315500413
 160  0.299449015
 161  0.284016013
 162  0.257459036
 163  0.259416366
 164  0.219372063
 165  0.229721961
 166  0.208350791
 167  0.237211595
 168  0.249462637
 169  0.3486793
 170  0.436259442
 171  0.549901704
 172  0.595901922
 173  0.568688506
 174  0.502951388
 175  0.488014376
 176  0.402884642
 177  0.373027566
 178  0.328926679
 179  0.309374675
 180  0.296640178
 181  0.288874182
 182  0.28378492
 183  0.33870394
 184  0.325025395
 185  0.376608442
 186  0.338581618
 187  0.421029781
 188  0.44080862
 189  0.541013271
 190  0.5654984
 191  0.526352503
 192  0.550357849
 193  0.560402576
 194  0.493520035
 195  0.443590406
 196  0.442944515
 197  0.459941424
 198  0.439570343
 199  0.454671132
 200  0.395508314
 201  0.405852472
 202  0.355253503
 203  0.400255005
 204  0.360097787
 205  0.403409137
 206  0.375401499
 207  0.428626802
