 1  0.0251306393
 2  0.0242168142
 3  0.0219523551
 4  0.0224658468
 5  0.0233487224
 6  0.0216503794
 7  0.0195038667
 8  0.0158977232
 9  0.013577042
 10  0.0120708751
 11  0.0120891647
 12  0.0122711156
 13  0.0111476212
 14  0.012415252
 15  0.0128234715
 16  0.0139876424
 17  0.0155753745
 18  0.0169095379
 19  0.0186614496
 20  0.0188278096
 21  0.0204091572
 22  0.0201073771
 23  0.0212190555
 24  0.0203267238
 25  0.0213711327
 26  0.0229106698
 27  0.0236417639
 28  0.0214903814
 29  0.0204663282
 30  0.018557224
 31  0.0178437996
 32  0.016517729
 33  0.0169783593
 34  0.017753998
 35  0.016904466
 36  0.0171532901
 37  0.0158530721
 38  0.0175149129
 39  0.0162750017
 40  0.0148633785
 41  0.0149391825
 42  0.0150175843
 43  0.0137855169
 44  0.0140148955
 45  0.0129954008
 46  0.013783502
 47  0.0134623028
 48  0.0160940836
 49  0.015388726
 50  0.0101412313
 51  0.0125132509
 52  0.0145873571
 53  0.0133892334
 54  0.0132246615
 55  0.0150740432
 56  0.0185029598
 57  0.0157155738
 58  0.0167803855
 59  0.0150088642
 60  0.0154848327
 61  0.0168632717
 62  0.0164747649
 63  0.0189815668
 64  0.0240923502
 65  0.0215146488
 66  0.0178666633
 67  0.0175653649
 68  0.0170959452
 69  0.0227900377
 70  0.0219621606
 71  0.0251606378
 72  0.0272168822
 73  0.0272311682
 74  0.0304257037
 75  0.0354780383
 76  0.034701189
 77  0.027569288
 78  0.0229383849
 79  0.0229806595
 80  0.0204595312
 81  0.0183132753
 82  0.0182893418
 83  0.0179513887
 84  0.0150561182
 85  0.0154772528
 86  0.0138130976
 87  0.0157273025
 88  0.0140562392
 89  0.0136001477
 90  0.0124609548
 91  0.0139721065
 92  0.0104777315
 93  0.00840347132
 94  0.00849521653
 95  0.00948427168
 96  0.0126812735
 97  0.0161374868
 98  0.0182250054
 99  0.0253022918
 100  0.0302010063
 101  0.0351600102
 102  0.0357078399
 103  0.0304643293
 104  0.0237653332
 105  0.0205114549
 106  0.0211307775
 107  0.0193428247
 108  0.0239925687
 109  0.0219607284
 110  0.0172965269
 111  0.0163703749
 112  0.0129336878
 113  0.0129985025
 114  0.0112996732
 115  0.0123150422
 116  0.0124984984
 117  0.0140627658
 118  0.0142854653
 119  0.0164404188
 120  0.0152487455
 121  0.0152218685
 122  0.0134481208
 123  0.0140427822
 124  0.0161480426
 125  0.0151810012
 126  0.0158946141
 127  0.0143257754
 128  0.0146163399
 129  0.0153513626
 130  0.0147895852
 131  0.0172098984
 132  0.0207948049
 133  0.0188477904
 134  0.0182449989
 135  0.0162649904
 136  0.0159634033
 137  0.0156566999
 138  0.0165779658
 139  0.0175274858
 140  0.0141648041
 141  0.0138382892
 142  0.0106699165
 143  0.0124271842
 144  0.0121986842
 145  0.00875198717
 146  0.00831189273
 147  0.00835847428
 148  0.00784436516
 149  0.0113774013
 150  0.0105180172
 151  0.0114343126
 152  0.0147708853
 153  0.0157426204
 154  0.016245917
 155  0.0172827635
 156  0.0165047141
 157  0.0152732291
 158  0.0136884326
 159  0.0148155112
 160  0.015699193
 161  0.0157504489
 162  0.0143255186
 163  0.0169649481
 164  0.0181972825
 165  0.0202949541
 166  0.0191784215
 167  0.0191354818
 168  0.0193269262
 169  0.0206359908
 170  0.0239570042
 171  0.0300144281
 172  0.0324037453
 173  0.0301994621
 174  0.0272576159
 175  0.0273706356
 176  0.0205869203
 177  0.0186681433
 178  0.0181314947
 179  0.0176912313
 180  0.0159305131
 181  0.0169484997
 182  0.0153803992
 183  0.0173366207
 184  0.0166316438
 185  0.0165413143
 186  0.0150391621
 187  0.0148488784
 188  0.0143944236
 189  0.0181434241
 190  0.0192487772
 191  0.0189792143
 192  0.019891399
 193  0.0199389712
 194  0.0172944299
 195  0.0162585315
 196  0.0162832255
 197  0.0173605474
 198  0.0166196682
 199  0.0168637017
 200  0.0153926515
 201  0.016267207
 202  0.0185628391
 203  0.0210204497
 204  0.0203126446
 205  0.0191750076
 206  0.0171140419
 207  0.0212069197
