 1  0.018599724
 2  0.0184336557
 3  0.0174113167
 4  0.018387194
 5  0.0191456992
 6  0.0180108691
 7  0.0167991475
 8  0.0148644336
 9  0.0110273113
 10  0.00925397134
 11  0.00865168498
 12  0.00862291431
 13  0.00862679009
 14  0.00959030041
 15  0.0112708836
 16  0.012191375
 17  0.0148731356
 18  0.0154139001
 19  0.0172224031
 20  0.018350477
 21  0.018824183
 22  0.018242341
 23  0.0180007241
 24  0.0177224354
 25  0.0191732048
 26  0.0190352137
 27  0.0209882908
 28  0.0223606548
 29  0.0213316859
 30  0.0202270112
 31  0.0180178907
 32  0.017956873
 33  0.0181083458
 34  0.0189486872
 35  0.0177572803
 36  0.0177490474
 37  0.0162297469
 38  0.0166489579
 39  0.0152056652
 40  0.0138347085
 41  0.0146911161
 42  0.0152996234
 43  0.0125979002
 44  0.011146712
 45  0.00959859958
 46  0.0107174951
 47  0.012082522
 48  0.0144760303
 49  0.0118736974
 50  0.00937377504
 51  0.0128458975
 52  0.0145839761
 53  0.0127827206
 54  0.0129821816
 55  0.0177842164
 56  0.0150660484
 57  0.0124046761
 58  0.0124639411
 59  0.0129966793
 60  0.0151627009
 61  0.0171559142
 62  0.0144677286
 63  0.0176776867
 64  0.0223457747
 65  0.0218125818
 66  0.0188577831
 67  0.0175597814
 68  0.0157110098
 69  0.020687178
 70  0.0178704931
 71  0.0193558015
 72  0.0218949467
 73  0.0218903309
 74  0.0226812521
 75  0.0260707727
 76  0.0269815054
 77  0.0209171312
 78  0.0180002104
 79  0.0191782694
 80  0.016388243
 81  0.01419419
 82  0.0129354088
 83  0.0118225232
 84  0.0106588192
 85  0.010475013
 86  0.00982149756
 87  0.0104523765
 88  0.00843396216
 89  0.00808982017
 90  0.00784809072
 91  0.00873831096
 92  0.00680540466
 93  0.00644193327
 94  0.00828581588
 95  0.00839586945
 96  0.0113342817
 97  0.0148891888
 98  0.0149855684
 99  0.0184952613
 100  0.0203936539
 101  0.0227552991
 102  0.0219959898
 103  0.019533795
 104  0.0151904817
 105  0.0138199468
 106  0.014602077
 107  0.0147741303
 108  0.0183412063
 109  0.0189548689
 110  0.0163521191
 111  0.0137820775
 112  0.00936909744
 113  0.00893379398
 114  0.00763736322
 115  0.0077780534
 116  0.00771728917
 117  0.00904841695
 118  0.00935886529
 119  0.011221311
 120  0.0102781532
 121  0.0107511967
 122  0.00922525258
 123  0.00956432518
 124  0.0118880928
 125  0.0116917323
 126  0.0124933131
 127  0.0116430412
 128  0.0134982781
 129  0.0146439486
 130  0.0139623648
 131  0.0163465357
 132  0.0215264458
 133  0.0191663699
 134  0.0198650734
 135  0.0183360429
 136  0.0187163289
 137  0.0186434304
 138  0.0191746776
 139  0.0190163639
 140  0.0188602027
 141  0.0188079594
 142  0.0133997268
 143  0.0148685144
 144  0.0131270584
 145  0.00844117123
 146  0.00803636378
 147  0.00697428328
 148  0.0064988026
 149  0.00842788941
 150  0.00781933829
 151  0.00807200817
 152  0.011841463
 153  0.0133203127
 154  0.0130266805
 155  0.0148261988
 156  0.013494359
 157  0.0120552344
 158  0.0102653018
 159  0.0109040543
 160  0.0109052065
 161  0.0108465252
 162  0.0108163671
 163  0.0127878127
 164  0.0154641505
 165  0.0163244639
 166  0.0151298469
 167  0.0161226002
 168  0.0152167193
 169  0.0177183426
 170  0.0207289295
 171  0.0260366708
 172  0.0288073048
 173  0.0289292987
 174  0.0257377935
 175  0.0277488406
 176  0.0233281444
 177  0.0221762763
 178  0.0202992238
 179  0.0215060686
 180  0.0207821057
 181  0.019739221
 182  0.0171905288
 183  0.0191523366
 184  0.0173530984
 185  0.0183455002
 186  0.0167438806
 187  0.0176821569
 188  0.0175759797
 189  0.0223777057
 190  0.0227553566
 191  0.0215314055
 192  0.0227036806
 193  0.0218027135
 194  0.0183774873
 195  0.0174125637
 196  0.017895596
 197  0.019551853
 198  0.0186195947
 199  0.0196337073
 200  0.0187135511
 201  0.0191993672
 202  0.0220482366
 203  0.0239642912
 204  0.0206118671
 205  0.0199019911
 206  0.0175004222
 207  0.0202909932
