 X,Y,Z,XY,XZ,YZ,XYZ
   1   0.000000   0.000000   0.000000   0.000000   0.000000   0.000000   0.000000
   2   0.000000   0.000000   0.000000   0.000000   0.000000   0.000000   0.000000
   3   0.000000   0.000000   0.000000   0.000000   0.000000   0.000000   0.000000
   4   0.000000   0.000000   0.000000   0.000000   0.000000   0.000000   0.000000
   5   0.798617   3.507971   1.495210   2.047832   1.773167   4.115868   1.505153
   6   1.148526   1.650491   1.625161   1.406951   1.451099   1.785770   1.183144
   7   1.195600   1.592336   1.872160   1.535284   1.124517   0.968278   1.206287
   8   1.469382   0.810643   0.961442   0.914272   1.218693   1.601159   0.906055
   9   1.539024   1.175987   1.045225   1.356279   1.220596   1.559045   1.281042
  10   1.377522   2.246306   1.646850   1.345234   2.575801   1.884444   0.820513
  11   0.962307   2.242855   1.812520   1.478549   1.512197   1.747746   0.773187
  12   1.304644   0.760002   1.406429   1.294370   0.743184   1.026728   1.318335
  13   1.546190   0.578233   1.158550   1.400031   1.407233   0.455415   1.905345
  14   1.739960   0.775596   0.716480   1.653053   1.709352   1.736032   2.705669
  15   1.244818   1.925652   2.321541   1.047375   2.165713   3.236961   1.043653
  16   1.911702   1.358439   1.472998   1.056719   2.112342   1.870982   1.534032
  17   1.862765   0.304306   0.619041   1.234225   1.547276   0.419173   1.929321
  18   1.472654   1.468076   1.845337   1.773374   0.410305   0.592986   1.884881
  19   1.577331   1.676474   2.245182   1.866014   1.550858   0.876373   1.843098
  20   1.055347   2.340661   1.802639   1.648024   1.665587   0.775155   1.043916
  21   1.228398   0.713141   0.754228   1.105677   0.662328   0.697296   1.220993
  22   0.000000   0.000000   0.000000   0.000000   0.000000   0.000000   0.000000
  23   0.000000   0.000000   0.000000   0.000000   0.000000   0.000000   0.000000
