      1   0.040559   0.125013  -0.073244   0.140900   0.098815   0.084797  -0.225296  -0.135277  -0.212753   0.021923   0.146027   0.143774  -0.084832   0.146393  -0.051423   0.003118   0.038158   0.230982  -0.046893   0.086910
      2   0.006849  -0.015553  -0.070784  -0.014032   0.033302   0.053866  -0.102345  -0.057407  -0.013350   0.008405   0.013177   0.072062   0.038909  -0.076859   0.048839   0.038455  -0.090403  -0.144639  -0.036445  -0.010459
      3  -0.023992  -0.060194  -0.083052  -0.084883  -0.051458   0.065180  -0.043058   0.031346   0.040382   0.012840  -0.103817  -0.002095   0.072714  -0.087192   0.014337   0.087810   0.034091  -0.141436  -0.145864   0.003765
      4  -0.069036  -0.070671  -0.192571   0.088870  -0.126230   0.053119  -0.141758   0.323809   0.093314  -0.242249  -0.037553  -0.103628   0.034901   0.008472   0.110069   0.007524   0.152378   0.148678   0.248175  -0.094062
      5  -0.033576   0.014984  -0.163406   0.055823  -0.172009  -0.160287   0.157996  -0.054324  -0.041695   0.049160   0.073888   0.048049   0.031072  -0.050200  -0.117295  -0.071211   0.163216   0.082946   0.364961   0.118666
      6  -0.005109   0.230836  -0.241645  -0.016894  -0.245632  -0.179131   0.244376  -0.010703  -0.157104   0.182276   0.430237  -0.023931   0.084579  -0.110017  -0.106364  -0.008340  -0.061218  -0.049295  -0.101695  -0.016404
      7   0.099296   0.486961  -0.013837  -0.186473   0.122875   0.081153  -0.024403  -0.164098   0.084642  -0.014292  -0.265484  -0.014470  -0.207512   0.176224   0.270951   0.025919  -0.015199  -0.012389  -0.026313  -0.086019
      8   0.123888   0.189697   0.276569   0.001109   0.261258   0.008859  -0.123107   0.013199   0.035421  -0.068457  -0.088122   0.044014   0.135699  -0.118802  -0.194179  -0.022010   0.043286   0.034930   0.038713   0.066394
      9   0.090463  -0.125940   0.355795   0.177228   0.174980  -0.136242  -0.036750   0.083911  -0.054135  -0.003273   0.118933   0.060922   0.093673  -0.062374  -0.068107  -0.009460  -0.004162  -0.036226  -0.077486  -0.241806
     10   0.010480  -0.248596   0.166357   0.218342  -0.014784  -0.245370   0.116697   0.012692  -0.125740   0.111124   0.015554  -0.001651  -0.151620   0.147430   0.307012   0.071843  -0.057997  -0.008509   0.033831   0.044128
     11  -0.043104  -0.198892  -0.022828   0.004989  -0.108901   0.089210   0.093221  -0.165605   0.137785   0.003558   0.020666  -0.235047  -0.247227  -0.035297  -0.000331  -0.242740   0.231212   0.150267   0.099458   0.036393
     12  -0.051585  -0.100632  -0.111641  -0.000963  -0.086312   0.105902  -0.048172   0.012606   0.044030  -0.023463  -0.105624  -0.187137  -0.006096  -0.064953  -0.048275   0.034686   0.018007  -0.071129   0.087654   0.157778
     13  -0.019400  -0.043601  -0.076082  -0.103262  -0.036422   0.060211  -0.045440   0.033981   0.026639   0.032844  -0.101200   0.026488   0.069605  -0.081943   0.007090   0.084433   0.039794  -0.171206  -0.100860   0.029358
     14  -0.004659  -0.065593  -0.073663  -0.039129   0.049108   0.086831  -0.073152   0.054803   0.013338   0.087683  -0.018489   0.140113  -0.076421  -0.111447  -0.001880  -0.012878  -0.135962  -0.104974  -0.042599  -0.007982
     15   0.012960   0.065050  -0.001205   0.081580   0.046508   0.043820  -0.066407  -0.031023  -0.044204   0.024328   0.039589   0.100174  -0.089535  -0.012134  -0.032652  -0.087241  -0.232335   0.038170   0.147692  -0.186194
     16  -0.013438  -0.017749   0.094241  -0.035214   0.002121  -0.049726   0.008253  -0.038654   0.013998  -0.028848   0.014109   0.001579   0.007583   0.043369  -0.017035  -0.120039  -0.221132   0.098863   0.106575  -0.060459
     17  -0.002369   0.146481   0.181428   0.217618  -0.012125  -0.006873   0.260073  -0.005746   0.188923  -0.037890  -0.025551  -0.135931   0.058374   0.031254  -0.023124   0.126885   0.051166   0.079422  -0.102391   0.054670
     18  -0.011250   0.082480   0.181496   0.098836  -0.028920  -0.072381   0.168313  -0.042056   0.096434  -0.119417  -0.001338  -0.124804  -0.042805  -0.002350  -0.062251   0.188871   0.045285   0.089833  -0.097886   0.033844
     19  -0.031615  -0.129861   0.122426  -0.210146  -0.019167  -0.140521  -0.081524  -0.095730  -0.059210  -0.073437   0.042878  -0.034156   0.057074   0.143627  -0.021733  -0.119871  -0.116668   0.175483   0.027202   0.078924
     20  -0.006928  -0.072995   0.012608  -0.072379   0.048499  -0.001659  -0.085283  -0.047915  -0.008238   0.087947   0.036412   0.014732   0.066458   0.160892  -0.043739  -0.056511  -0.063942   0.014314   0.025168  -0.118843
     21  -0.013098  -0.139419  -0.088118  -0.023993   0.071896   0.231888  -0.054147  -0.043761  -0.102443   0.125854  -0.013298   0.118682   0.091668  -0.063701   0.075472   0.051756   0.053641  -0.128668  -0.074318  -0.090408
     22  -0.021968  -0.037759  -0.062106  -0.090096  -0.046092   0.021901  -0.088328   0.067261   0.050992   0.093192  -0.112591   0.025072   0.027280  -0.118286   0.013485   0.017994   0.083716  -0.197211  -0.231394   0.037565
     23  -0.033368  -0.014047  -0.116739  -0.207830   0.038690   0.005454   0.190241   0.258693  -0.007026  -0.229808  -0.078404   0.067189   0.036458   0.137894  -0.058864   0.011007   0.045070  -0.078206  -0.095285   0.164239
