 1  0.510551463
 2  0.488410408
 3  0.432434386
 4  0.4345812
 5  0.383538672
 6  0.377925339
 7  0.312837633
 8  0.316538954
 9  0.276453845
 10  0.270215244
 11  0.269158014
 12  0.280509204
 13  0.269737629
 14  0.306744859
 15  0.308667376
 16  0.338106905
 17  0.35216899
 18  0.353795516
 19  0.39018449
 20  0.388490048
 21  0.424514649
 22  0.416986234
 23  0.429684387
 24  0.400636056
 25  0.396556058
 26  0.388045375
 27  0.394560575
 28  0.376190903
 29  0.339955319
 30  0.348072529
 31  0.354612013
 32  0.369482263
 33  0.375966242
 34  0.40115303
 35  0.383011192
 36  0.407017624
 37  0.391610533
 38  0.419163879
 39  0.399562765
 40  0.38219657
 41  0.398158373
 42  0.416358442
 43  0.368710654
 44  0.375048953
 45  0.337435178
 46  0.332212294
 47  0.304828988
 48  0.294303281
 49  0.270027423
 50  0.250351145
 51  0.254015417
 52  0.232674153
 53  0.229944985
 54  0.259377118
 55  0.23989066
 56  0.283546565
 57  0.296440061
 58  0.354073799
 59  0.324025333
 60  0.312607925
 61  0.34817442
 62  0.36877789
 63  0.380187574
 64  0.41226024
 65  0.400559748
 66  0.375834888
 67  0.402480576
 68  0.396180135
 69  0.395716618
 70  0.382038813
 71  0.433558734
 72  0.49514478
 73  0.491449454
 74  0.531266148
 75  0.62307198
 76  0.627072493
 77  0.488897954
 78  0.409896615
 79  0.329003125
 80  0.259878462
 81  0.226467129
 82  0.216622879
 83  0.224359188
 84  0.225862325
 85  0.258039572
 86  0.254461387
 87  0.290462276
 88  0.280723141
 89  0.262067371
 90  0.246141415
 91  0.240750813
 92  0.22574651
 93  0.213849149
 94  0.221334106
 95  0.235668987
 96  0.277708614
 97  0.366676296
 98  0.380635754
 99  0.503223049
 100  0.549597676
 101  0.628748494
 102  0.660813269
 103  0.587326234
 104  0.526667627
 105  0.46353329
 106  0.458758502
 107  0.365267491
 108  0.377778094
 109  0.293900145
 110  0.268618117
 111  0.237614229
 112  0.235824587
 113  0.242246223
 114  0.232696469
 115  0.250579215
 116  0.273718441
 117  0.313338726
 118  0.327488695
 119  0.393232277
 120  0.367053896
 121  0.367274281
 122  0.322184524
 123  0.340845994
 124  0.388775313
 125  0.359756579
 126  0.394394536
 127  0.345128459
 128  0.342003705
 129  0.329725186
 130  0.289694874
 131  0.304411797
 132  0.313407695
 133  0.280819447
 134  0.268857413
 135  0.219426001
 136  0.22970946
 137  0.22078054
 138  0.24137377
 139  0.261334183
 140  0.235549168
 141  0.253504551
 142  0.2882773
 143  0.298170536
 144  0.264630093
 145  0.245235241
 146  0.222163274
 147  0.224255576
 148  0.22403758
 149  0.245832463
 150  0.238369402
 151  0.278177045
 152  0.314345743
 153  0.351140402
 154  0.38929709
 155  0.433545887
 156  0.435959656
 157  0.385261357
 158  0.319020549
 159  0.332088773
 160  0.326191735
 161  0.291001036
 162  0.258328855
 163  0.2585107
 164  0.230373326
 165  0.23825148
 166  0.221511738
 167  0.235034969
 168  0.258320784
 169  0.333624399
 170  0.428830315
 171  0.542187834
 172  0.599110049
 173  0.568900793
 174  0.501568234
 175  0.475687737
 176  0.379023515
 177  0.335360393
 178  0.300107678
 179  0.265182233
 180  0.244088262
 181  0.241238695
 182  0.2463913
 183  0.284058105
 184  0.27285866
 185  0.312129547
 186  0.301897357
 187  0.365464233
 188  0.389073659
 189  0.441117105
 190  0.475538637
 191  0.464455358
 192  0.496069093
 193  0.513817318
 194  0.46506987
 195  0.416513312
 196  0.421171546
 197  0.429624716
 198  0.401996381
 199  0.401421401
 200  0.353898731
 201  0.346782559
 202  0.305855276
 203  0.330858291
 204  0.312240831
 205  0.333870358
 206  0.321620178
 207  0.35237298
