 1  0.616436988
 2  0.596521416
 3  0.496826336
 4  0.471451235
 5  0.4005166
 6  0.361027552
 7  0.292413077
 8  0.278572005
 9  0.265397837
 10  0.282918779
 11  0.273053058
 12  0.296644793
 13  0.309406189
 14  0.29655945
 15  0.311775976
 16  0.299740021
 17  0.316097859
 18  0.350325759
 19  0.402525798
 20  0.436867277
 21  0.514058224
 22  0.530412381
 23  0.552335189
 24  0.520917896
 25  0.544148896
 26  0.482760731
 27  0.507553557
 28  0.494775363
 29  0.407031795
 30  0.434067349
 31  0.448334761
 32  0.459528346
 33  0.46282951
 34  0.48510342
 35  0.430872991
 36  0.43033327
 37  0.385595318
 38  0.403301383
 39  0.366002787
 40  0.349081798
 41  0.379577472
 42  0.383892956
 43  0.334745279
 44  0.352653954
 45  0.309191269
 46  0.299893209
 47  0.281653747
 48  0.273333664
 49  0.278264467
 50  0.256581075
 51  0.258168479
 52  0.251728521
 53  0.249893654
 54  0.289299266
 55  0.253625538
 56  0.301795537
 57  0.30110445
 58  0.362132553
 59  0.375326804
 60  0.349138594
 61  0.393951477
 62  0.374373316
 63  0.376952487
 64  0.381150841
 65  0.345453216
 66  0.319214942
 67  0.321857655
 68  0.327289866
 69  0.315881847
 70  0.331570639
 71  0.390642821
 72  0.394936851
 73  0.384442553
 74  0.442771245
 75  0.496105091
 76  0.443043504
 77  0.383812616
 78  0.326642405
 79  0.292569764
 80  0.230322615
 81  0.221096783
 82  0.235946002
 83  0.265066712
 84  0.265870771
 85  0.311442039
 86  0.280266732
 87  0.334800588
 88  0.318464107
 89  0.339772877
 90  0.282514704
 91  0.290534564
 92  0.259040384
 93  0.248546596
 94  0.233449033
 95  0.233797605
 96  0.243973569
 97  0.306513298
 98  0.346522148
 99  0.442399531
 100  0.511555588
 101  0.599440682
 102  0.673404908
 103  0.65656995
 104  0.580041949
 105  0.480391536
 106  0.445364728
 107  0.359112378
 108  0.329952054
 109  0.262368937
 110  0.253414016
 111  0.236104105
 112  0.258446388
 113  0.262018946
 114  0.269202882
 115  0.299603955
 116  0.303595119
 117  0.344131012
 118  0.349932494
 119  0.389147727
 120  0.37094086
 121  0.349327975
 122  0.32320665
 123  0.339019963
 124  0.351957558
 125  0.320121483
 126  0.33147792
 127  0.304220133
 128  0.296461399
 129  0.290994837
 130  0.279541505
 131  0.26957233
 132  0.28315654
 133  0.271253183
 134  0.268883553
 135  0.241646577
 136  0.253695411
 137  0.235382786
 138  0.263618158
 139  0.297251719
 140  0.317013384
 141  0.322720022
 142  0.313746652
 143  0.296761807
 144  0.272670421
 145  0.27607953
 146  0.249725772
 147  0.265348397
 148  0.248987308
 149  0.260355022
 150  0.257692306
 151  0.286706285
 152  0.299543218
 153  0.298822644
 154  0.316693457
 155  0.309321435
 156  0.294521904
 157  0.270166217
 158  0.269085371
 159  0.316723624
 160  0.335031585
 161  0.311217991
 162  0.287459391
 163  0.295312293
 164  0.265735195
 165  0.27762749
 166  0.240300569
 167  0.247031148
 168  0.246341073
 169  0.304192516
 170  0.340183592
 171  0.378931404
 172  0.401902322
 173  0.391348695
 174  0.371088687
 175  0.350988715
 176  0.339851437
 177  0.310881509
 178  0.306902541
 179  0.270761603
 180  0.240778871
 181  0.272766322
 182  0.259300705
 183  0.272221634
 184  0.274760108
 185  0.295034164
 186  0.31462793
 187  0.346323622
 188  0.376440569
 189  0.427562617
 190  0.460467242
 191  0.443928322
 192  0.456511493
 193  0.439658041
 194  0.414239742
 195  0.398361885
 196  0.414307963
 197  0.448488311
 198  0.426689073
 199  0.454058898
 200  0.398717731
 201  0.394470781
 202  0.346543587
 203  0.351869397
 204  0.313615086
 205  0.323929084
 206  0.313990688
 207  0.323708425
