 1  0.0297224222
 2  0.0278484803
 3  0.0236185115
 4  0.0233660505
 5  0.0208292469
 6  0.0192005886
 7  0.0174718313
 8  0.0189468281
 9  0.0163376759
 10  0.0161838927
 11  0.0135239667
 12  0.0145480907
 13  0.0169317467
 14  0.0166724007
 15  0.0185248729
 16  0.0161231017
 17  0.0172281232
 18  0.0158910038
 19  0.0177996795
 20  0.0197368846
 21  0.0228348028
 22  0.0235321809
 23  0.0258670012
 24  0.0270013172
 25  0.0329129569
 26  0.031580656
 27  0.0376290294
 28  0.0392523908
 29  0.0332380068
 30  0.0293953128
 31  0.0250452737
 32  0.0218247508
 33  0.0214810127
 34  0.0195070387
 35  0.0174177183
 36  0.0157211838
 37  0.0151989661
 38  0.0170412733
 39  0.0184714421
 40  0.017590031
 41  0.0161153161
 42  0.0156649971
 43  0.0133064732
 44  0.0138668572
 45  0.0116674287
 46  0.0106841337
 47  0.0103301134
 48  0.0100208561
 49  0.0131613777
 50  0.0098380164
 51  0.0104831538
 52  0.0143125353
 53  0.0141209412
 54  0.0132879844
 55  0.0215325817
 56  0.0194125388
 57  0.0160651354
 58  0.0180462157
 59  0.0184397651
 60  0.0198820216
 61  0.0254488448
 62  0.0198268989
 63  0.0248716854
 64  0.0275759743
 65  0.0248859159
 66  0.0221063386
 67  0.019953794
 68  0.0205655169
 69  0.0235410746
 70  0.0221802221
 71  0.0245665413
 72  0.0245858096
 73  0.0223856119
 74  0.0234820563
 75  0.024464802
 76  0.0228142057
 77  0.0208270935
 78  0.0191415637
 79  0.0178645137
 80  0.0151656312
 81  0.0157843351
 82  0.0140425123
 83  0.0146400242
 84  0.0136179704
 85  0.0149560705
 86  0.0131473065
 87  0.0141148655
 88  0.0133764098
 89  0.0143102375
 90  0.011959519
 91  0.0133107509
 92  0.0115838399
 93  0.0114737144
 94  0.0126055878
 95  0.0109867621
 96  0.010155248
 97  0.012498005
 98  0.0126751725
 99  0.0198539613
 100  0.0262666736
 101  0.0292328368
 102  0.0326391646
 103  0.0316687454
 104  0.0216340526
 105  0.0182899085
 106  0.0178433956
 107  0.0162828889
 108  0.0158161573
 109  0.0184232576
 110  0.0188359782
 111  0.0160455297
 112  0.0154396509
 113  0.0130222909
 114  0.0123674577
 115  0.013082452
 116  0.0119125811
 117  0.0127909002
 118  0.0135590351
 119  0.0137572454
 120  0.0123152951
 121  0.0113005807
 122  0.0109486816
 123  0.0123932215
 124  0.0126481537
 125  0.0111765635
 126  0.0109676525
 127  0.0103547637
 128  0.0103286531
 129  0.0113760245
 130  0.0131500695
 131  0.0144040839
 132  0.0197182323
 133  0.02140744
 134  0.0242451202
 135  0.0260485992
 136  0.024340803
 137  0.0232726132
 138  0.0225336579
 139  0.0196285195
 140  0.0223215238
 141  0.0203727924
 142  0.0143430901
 143  0.0160994684
 144  0.0148428458
 145  0.0130222527
 146  0.0139127425
 147  0.0138814138
 148  0.0140670322
 149  0.0132855221
 150  0.0115907706
 151  0.0100409207
 152  0.0125599112
 153  0.011567738
 154  0.0119135056
 155  0.012095771
 156  0.012152674
 157  0.0101006461
 158  0.00985846544
 159  0.0118218422
 160  0.0133816196
 161  0.0136661334
 162  0.013714332
 163  0.0170975296
 164  0.018236371
 165  0.0187464112
 166  0.0156078851
 167  0.016384426
 168  0.0153310973
 169  0.017290987
 170  0.0199982048
 171  0.0219000712
 172  0.0233420102
 173  0.0237817022
 174  0.0233803465
 175  0.025529489
 176  0.0247055659
 177  0.0263725093
 178  0.0229954817
 179  0.0225121712
 180  0.0247271191
 181  0.0274088174
 182  0.0232509107
 183  0.0209968176
 184  0.0186229378
 185  0.0169611729
 186  0.0159841968
 187  0.0139285274
 188  0.0124337798
 189  0.0198450604
 190  0.0182133554
 191  0.0151479113
 192  0.0156457302
 193  0.0152446639
 194  0.0134179566
 195  0.0122301513
 196  0.0137572316
 197  0.0147798281
 198  0.0146697788
 199  0.0174459657
 200  0.018911696
 201  0.0209005223
 202  0.0254153101
 203  0.0279897755
 204  0.0228844192
 205  0.0246265212
 206  0.022044776
 207  0.0209852505
