 1  0.0281066459
 2  0.028010655
 3  0.0263982041
 4  0.0275116827
 5  0.0302528191
 6  0.026892607
 7  0.0230970985
 8  0.0198536638
 9  0.0156970036
 10  0.013003572
 11  0.0111854808
 12  0.0106833237
 13  0.0110621593
 14  0.0112641387
 15  0.0146670649
 16  0.01557179
 17  0.0193714509
 18  0.0200392323
 19  0.0234005446
 20  0.0234726144
 21  0.025745705
 22  0.0255297716
 23  0.0266789483
 24  0.0258691008
 25  0.0257447337
 26  0.0258647241
 27  0.0256236877
 28  0.0242053139
 29  0.0238498548
 30  0.0229621141
 31  0.0232453313
 32  0.0226616118
 33  0.0225791945
 34  0.0227883388
 35  0.0210696806
 36  0.0207638347
 37  0.0186468661
 38  0.0229438005
 39  0.0212664207
 40  0.0172015709
 41  0.0168538776
 42  0.0149542703
 43  0.0105648306
 44  0.00938531992
 45  0.00843059172
 46  0.00839865437
 47  0.00849540938
 48  0.0103324148
 49  0.0120622601
 50  0.00886656709
 51  0.0109128368
 52  0.0140656695
 53  0.0141245777
 54  0.0155924128
 55  0.0131563787
 56  0.0224080649
 57  0.0197256344
 58  0.0188206202
 59  0.0184435251
 60  0.0177387593
 61  0.0184021215
 62  0.0168730411
 63  0.0171283704
 64  0.0194600606
 65  0.0190052903
 66  0.0172480845
 67  0.0155410129
 68  0.0156757937
 69  0.020862713
 70  0.0207803049
 71  0.0219954552
 72  0.021458485
 73  0.0230651921
 74  0.0256289941
 75  0.0288430684
 76  0.0282709618
 77  0.0257907937
 78  0.0236878615
 79  0.0248691649
 80  0.0239313089
 81  0.0232694576
 82  0.0214821958
 83  0.0198678458
 84  0.0165552812
 85  0.015129666
 86  0.0115819565
 87  0.0138120488
 88  0.0122281456
 89  0.012961287
 90  0.011238955
 91  0.0146901264
 92  0.0119374671
 93  0.0106759489
 94  0.0101805915
 95  0.0119488938
 96  0.0152371407
 97  0.0165934708
 98  0.020088243
 99  0.024550585
 100  0.0282139349
 101  0.0335557944
 102  0.0342759152
 103  0.0309371328
 104  0.0258588635
 105  0.0222947155
 106  0.023806587
 107  0.0223487703
 108  0.0261808581
 109  0.0252448259
 110  0.0183216085
 111  0.0165553254
 112  0.01408006
 113  0.0131303583
 114  0.0113004747
 115  0.011309638
 116  0.0104595456
 117  0.0110193231
 118  0.0104381571
 119  0.0119065906
 120  0.0114382198
 121  0.0108452812
 122  0.00951117295
 123  0.0095251353
 124  0.0102228414
 125  0.00934059014
 126  0.00995372605
 127  0.00942107592
 128  0.00941066275
 129  0.0106554796
 130  0.0115006507
 131  0.0133333558
 132  0.0200261581
 133  0.0184993374
 134  0.0168985755
 135  0.015376665
 136  0.0168914159
 137  0.0165323854
 138  0.0186742834
 139  0.0204287497
 140  0.0188243525
 141  0.0154283923
 142  0.0152655522
 143  0.0150731893
 144  0.0151781835
 145  0.0142816522
 146  0.0115862215
 147  0.0107856971
 148  0.00811721028
 149  0.0101625713
 150  0.0089188429
 151  0.00953334028
 152  0.0108001744
 153  0.011319108
 154  0.0110424699
 155  0.010788242
 156  0.0117748132
 157  0.0118129097
 158  0.0111977347
 159  0.0120757865
 160  0.0117540744
 161  0.012915113
 162  0.0124683904
 163  0.0168116375
 164  0.0199043285
 165  0.0213185012
 166  0.0222107928
 167  0.0235396163
 168  0.0226499579
 169  0.0218133604
 170  0.0233114669
 171  0.0256876483
 172  0.0247074085
 173  0.0227564244
 174  0.0210428313
 175  0.0207750559
 176  0.0189611536
 177  0.0185803467
 178  0.0206719965
 179  0.0192884892
 180  0.0162989295
 181  0.0179155704
 182  0.0166235995
 183  0.0170453755
 184  0.0165456182
 185  0.0151790322
 186  0.0137325158
 187  0.0118921858
 188  0.0115257904
 189  0.0177737304
 190  0.0192250507
 191  0.0182942071
 192  0.0187887414
 193  0.0170214306
 194  0.0150322504
 195  0.0149415791
 196  0.0174992048
 197  0.0195734391
 198  0.0185327646
 199  0.0202042611
 200  0.0184240243
 201  0.0191529823
 202  0.0210749598
 203  0.0216777043
 204  0.01994591
 205  0.0201640524
 206  0.0184947338
 207  0.0215306104
