 1  0.0206620964
 2  0.0176236058
 3  0.0149361363
 4  0.0142492368
 5  0.0139377361
 6  0.0146895562
 7  0.01544729
 8  0.0164196315
 9  0.0164047031
 10  0.0157824121
 11  0.0147201446
 12  0.0148877445
 13  0.0156229153
 14  0.0178333169
 15  0.0185397677
 16  0.017831916
 17  0.0172982608
 18  0.0158729883
 19  0.0149097206
 20  0.0134121933
 21  0.0135604528
 22  0.0139379083
 23  0.0160877252
 24  0.0178725781
 25  0.0215726904
 26  0.0225639828
 27  0.0269308628
 28  0.0259248435
 29  0.02269575
 30  0.0201731542
 31  0.0161605853
 32  0.0149442143
 33  0.0132824289
 34  0.0138896188
 35  0.0142900191
 36  0.0162983561
 37  0.0175270762
 38  0.0188174862
 39  0.0202345273
 40  0.0204335454
 41  0.0201385634
 42  0.0204924955
 43  0.0172550647
 44  0.0168187494
 45  0.0146024953
 46  0.0150644979
 47  0.0159415817
 48  0.0146845588
 49  0.0157103859
 50  0.0116882206
 51  0.0108502644
 52  0.0107704441
 53  0.0109781906
 54  0.0101514733
 55  0.0162236265
 56  0.0128366798
 57  0.0139595697
 58  0.0162023116
 59  0.0149313414
 60  0.0172636885
 61  0.0221312385
 62  0.0206787096
 63  0.0284804035
 64  0.0355289222
 65  0.0336331476
 66  0.0262229617
 67  0.024421038
 68  0.0213517584
 69  0.0211731002
 70  0.0193772754
 71  0.0234090375
 72  0.0262731256
 73  0.0233161214
 74  0.0245278891
 75  0.0262511982
 76  0.0250088341
 77  0.0205015124
 78  0.0174726587
 79  0.0154474732
 80  0.0147552248
 81  0.0136345983
 82  0.0142255166
 83  0.0135779202
 84  0.0138928858
 85  0.0141793988
 86  0.0139237206
 87  0.0142346575
 88  0.0138818297
 89  0.0135472671
 90  0.0124944104
 91  0.0127401388
 92  0.0106135669
 93  0.00859870393
 94  0.00853491027
 95  0.00726464217
 96  0.00705549004
 97  0.00812755684
 98  0.00987113059
 99  0.0162782307
 100  0.0227317734
 101  0.0253154058
 102  0.0277332658
 103  0.0244072609
 104  0.0162886872
 105  0.0140208093
 106  0.012786889
 107  0.0109650067
 108  0.0112849176
 109  0.013233664
 110  0.0140325642
 111  0.0157070987
 112  0.0140793468
 113  0.0136266911
 114  0.0120024014
 115  0.0126788443
 116  0.0131927498
 117  0.0138620298
 118  0.0148812581
 119  0.0161778425
 120  0.0145620085
 121  0.0145977463
 122  0.0135997075
 123  0.0148886193
 124  0.0165990656
 125  0.0156542917
 126  0.0162155721
 127  0.0146022513
 128  0.0145109263
 129  0.014295827
 130  0.0142387826
 131  0.0157695328
 132  0.0158505854
 133  0.0178185731
 134  0.0188163183
 135  0.0199744123
 136  0.0181949602
 137  0.0184860932
 138  0.0191577016
 139  0.0177171011
 140  0.0136357088
 141  0.00954135721
 142  0.0103425397
 143  0.0113621865
 144  0.0114656402
 145  0.00763086006
 146  0.00870317547
 147  0.00867415078
 148  0.0100323209
 149  0.0120985638
 150  0.0107733739
 151  0.0109409903
 152  0.014848895
 153  0.0141068445
 154  0.0158214853
 155  0.017140824
 156  0.0157575485
 157  0.0127983213
 158  0.012086107
 159  0.0131806303
 160  0.0158056125
 161  0.0147677048
 162  0.0145259241
 163  0.0158066963
 164  0.0161398611
 165  0.0153365687
 166  0.0151108791
 167  0.0150722188
 168  0.0153288255
 169  0.0168382029
 170  0.0200374727
 171  0.0226357649
 172  0.0264336202
 173  0.0274469352
 174  0.0261083135
 175  0.0286641108
 176  0.0224841916
 177  0.0243319472
 178  0.0236285047
 179  0.021062968
 180  0.0222735902
 181  0.0223076943
 182  0.0205559801
 183  0.0182054159
 184  0.0165015622
 185  0.0146198815
 186  0.0132770673
 187  0.0127882536
 188  0.0131649398
 189  0.0153839768
 190  0.0168851983
 191  0.0180453415
 192  0.0205498314
 193  0.0213965377
 194  0.0203829875
 195  0.0178058516
 196  0.0185351433
 197  0.0174823635
 198  0.0155950885
 199  0.0140861189
 200  0.014475759
 201  0.0147813639
 202  0.0169708103
 203  0.0209792166
 204  0.0192218244
 205  0.0201297311
 206  0.0212554054
 207  0.026080379
