 1  0.587820883
 2  0.586833096
 3  0.522273208
 4  0.549806769
 5  0.481947697
 6  0.48210019
 7  0.390795126
 8  0.385957354
 9  0.328016576
 10  0.313390662
 11  0.297741519
 12  0.316595528
 13  0.315496019
 14  0.343392323
 15  0.379215652
 16  0.41802674
 17  0.46510077
 18  0.472514072
 19  0.529362879
 20  0.509963036
 21  0.56314928
 22  0.528193095
 23  0.524323241
 24  0.482829496
 25  0.460706466
 26  0.414397858
 27  0.422342043
 28  0.416122895
 29  0.364228015
 30  0.387709364
 31  0.412856569
 32  0.449429219
 33  0.472009851
 34  0.517737649
 35  0.496872703
 36  0.544044162
 37  0.51607465
 38  0.603128012
 39  0.57112208
 40  0.49638447
 41  0.508312451
 42  0.487112573
 43  0.402725925
 44  0.397794929
 45  0.34936983
 46  0.329922652
 47  0.309816068
 48  0.281651682
 49  0.272406151
 50  0.258261973
 51  0.261930455
 52  0.24140237
 53  0.250833482
 54  0.312312483
 55  0.237985446
 56  0.298505198
 57  0.287700264
 58  0.347601197
 59  0.340097374
 60  0.330403876
 61  0.376527611
 62  0.382181002
 63  0.422199879
 64  0.431481385
 65  0.458620831
 66  0.409661824
 67  0.384694546
 68  0.362733447
 69  0.345618116
 70  0.329666384
 71  0.375954976
 72  0.408265963
 73  0.418951215
 74  0.478487061
 75  0.567739787
 76  0.533812046
 77  0.444492132
 78  0.357255723
 79  0.309844376
 80  0.257421179
 81  0.245567664
 82  0.252439745
 83  0.270970294
 84  0.264638229
 85  0.297395759
 86  0.265502906
 87  0.319871297
 88  0.311016685
 89  0.323675792
 90  0.283245824
 91  0.296374318
 92  0.269782973
 93  0.251664416
 94  0.245976264
 95  0.254634306
 96  0.294518937
 97  0.356536084
 98  0.389449865
 99  0.498797203
 100  0.558259761
 101  0.6811827
 102  0.720179349
 103  0.65643798
 104  0.610199047
 105  0.516815024
 106  0.526728976
 107  0.419457773
 108  0.420251478
 109  0.336649974
 110  0.305260919
 111  0.269078581
 112  0.268382931
 113  0.280613051
 114  0.275484471
 115  0.296840818
 116  0.314849819
 117  0.339972832
 118  0.341359249
 119  0.395017013
 120  0.383313625
 121  0.38077761
 122  0.350192541
 123  0.365793703
 124  0.387387238
 125  0.35493253
 126  0.363543438
 127  0.307133427
 128  0.288093063
 129  0.292336735
 130  0.267139383
 131  0.284572351
 132  0.306427569
 133  0.294499016
 134  0.294450812
 135  0.23616481
 136  0.278848194
 137  0.257924295
 138  0.291067517
 139  0.314366928
 140  0.287450217
 141  0.272779087
 142  0.303690262
 143  0.286469811
 144  0.277832156
 145  0.281816137
 146  0.24728146
 147  0.256417006
 148  0.232809905
 149  0.267450091
 150  0.22717588
 151  0.276708343
 152  0.289304357
 153  0.319094197
 154  0.337732784
 155  0.335874945
 156  0.358150026
 157  0.34630731
 158  0.295052203
 159  0.324371644
 160  0.311784934
 161  0.300069638
 162  0.261633671
 163  0.277417767
 164  0.252386278
 165  0.276065
 166  0.255464573
 167  0.267170724
 168  0.260938239
 169  0.294942239
 170  0.362845142
 171  0.428972833
 172  0.455494357
 173  0.435025052
 174  0.40474707
 175  0.409800096
 176  0.372574515
 177  0.359635623
 178  0.393594426
 179  0.352043336
 180  0.301169682
 181  0.30597574
 182  0.276114899
 183  0.311980184
 184  0.28244441
 185  0.307313235
 186  0.290931487
 187  0.361310954
 188  0.386960889
 189  0.441937981
 190  0.481627861
 191  0.497339813
 192  0.540694119
 193  0.516310289
 194  0.500491464
 195  0.4674834
 196  0.523869704
 197  0.537638425
 198  0.476654616
 199  0.471166223
 200  0.402041776
 201  0.386500755
 202  0.321887328
 203  0.33800226
 204  0.321791221
 205  0.365047783
 206  0.361661624
 207  0.424271262
