 1  0.0151927165
 2  0.0144281531
 3  0.0138563801
 4  0.013978865
 5  0.0145762151
 6  0.0136717976
 7  0.0130938138
 8  0.0123984426
 9  0.0112752984
 10  0.0100422812
 11  0.00949764203
 12  0.00918294577
 13  0.0093426222
 14  0.0120328225
 15  0.0131401397
 16  0.0141205618
 17  0.0149866537
 18  0.0151348437
 19  0.0155920063
 20  0.0155471238
 21  0.0157743071
 22  0.0153843574
 23  0.015221412
 24  0.0152192018
 25  0.0165040128
 26  0.0165718015
 27  0.0187895895
 28  0.0190037469
 29  0.0185196489
 30  0.0179263255
 31  0.015399614
 32  0.0160373468
 33  0.0156432272
 34  0.0172937981
 35  0.0165734367
 36  0.017855758
 37  0.0174345227
 38  0.0177540478
 39  0.017193057
 40  0.0168112663
 41  0.0176245441
 42  0.0181222132
 43  0.0145893128
 44  0.0129337936
 45  0.0108971373
 46  0.0122275985
 47  0.0142403149
 48  0.0139777267
 49  0.0121132162
 50  0.00935642747
 51  0.0110257057
 52  0.0106519651
 53  0.00980958613
 54  0.0109333872
 55  0.0148336556
 56  0.011352277
 57  0.0121211766
 58  0.0128551161
 59  0.0122701874
 60  0.0143823057
 61  0.016227536
 62  0.0141268161
 63  0.0172291726
 64  0.0234809779
 65  0.0242271898
 66  0.0209882872
 67  0.0203699913
 68  0.0173215262
 69  0.0207622759
 70  0.0177522786
 71  0.0191815647
 72  0.022931576
 73  0.0216193281
 74  0.0210429725
 75  0.0226119159
 76  0.0234422241
 77  0.0189108037
 78  0.0170783234
 79  0.0161914422
 80  0.0147157548
 81  0.0128427933
 82  0.0104578594
 83  0.0083156033
 84  0.00896749116
 85  0.00829257708
 86  0.00904725013
 87  0.0089968354
 88  0.00808111469
 89  0.00704226352
 90  0.00736311331
 91  0.00679285288
 92  0.00600096261
 93  0.00466168397
 94  0.0059517386
 95  0.00635354971
 96  0.0076912316
 97  0.00956424619
 98  0.0103064059
 99  0.0138514439
 100  0.0168963963
 101  0.0176272747
 102  0.0176777001
 103  0.015882453
 104  0.0113128796
 105  0.0108067561
 106  0.0102924785
 107  0.0100862151
 108  0.010786988
 109  0.0106388534
 110  0.00998888249
 111  0.0113130302
 112  0.00837583569
 113  0.00824326135
 114  0.00683759899
 115  0.00692680974
 116  0.00817507443
 117  0.00902415114
 118  0.00995543942
 119  0.011648625
 120  0.0104242315
 121  0.0111233335
 122  0.00988605385
 123  0.0105618226
 124  0.0129153539
 125  0.012798032
 126  0.0137304183
 127  0.0127439091
 128  0.0141839541
 129  0.0143868063
 130  0.0129652856
 131  0.0150234763
 132  0.0170551857
 133  0.0161071564
 134  0.017034658
 135  0.0165435257
 136  0.0163018556
 137  0.017152835
 138  0.0190021995
 139  0.020462651
 140  0.019595908
 141  0.0177958558
 142  0.0164367164
 143  0.0163965078
 144  0.0137868832
 145  0.00759679185
 146  0.00626300353
 147  0.00467965143
 148  0.0049195204
 149  0.00749100149
 150  0.00721581362
 151  0.00783346655
 152  0.0122936382
 153  0.0126811537
 154  0.0134116067
 155  0.0155025248
 156  0.013666649
 157  0.0111977542
 158  0.0108184887
 159  0.0106475772
 160  0.0120250377
 161  0.0105184606
 162  0.0106131068
 163  0.0104918068
 164  0.0119246332
 165  0.0117303973
 166  0.0133481957
 167  0.0149144952
 168  0.0153250407
 169  0.0183968761
 170  0.0210939879
 171  0.0240015318
 172  0.0276277046
 173  0.0295875943
 174  0.0270072936
 175  0.0295993003
 176  0.0250380156
 177  0.0235004029
 178  0.0216900718
 179  0.020487831
 180  0.0195015626
 181  0.0183416769
 182  0.0156545913
 183  0.0156020779
 184  0.0143504949
 185  0.0152322217
 186  0.0143465878
 187  0.0155425186
 188  0.0164030163
 189  0.0205495796
 190  0.0222842845
 191  0.0215202779
 192  0.0236853596
 193  0.0227726258
 194  0.0200049986
 195  0.0184045131
 196  0.0193303746
 197  0.0200515816
 198  0.0183958339
 199  0.0183694091
 200  0.0170378908
 201  0.0168674532
 202  0.0168545765
 203  0.0196355433
 204  0.0170094766
 205  0.0160875028
 206  0.0166170179
 207  0.0179220957
