 1  0.4726599
 2  0.418456133
 3  0.353180807
 4  0.331111734
 5  0.296659638
 6  0.288570949
 7  0.2710779
 8  0.276919226
 9  0.276859075
 10  0.285063406
 11  0.274215351
 12  0.297996127
 13  0.307597952
 14  0.335143693
 15  0.345448613
 16  0.333552646
 17  0.322994975
 18  0.313118926
 19  0.313675761
 20  0.31110821
 21  0.337111468
 22  0.347266347
 23  0.380480485
 24  0.386027311
 25  0.432884241
 26  0.425594611
 27  0.483144826
 28  0.452077429
 29  0.374526452
 30  0.357177389
 31  0.335467144
 32  0.331987272
 33  0.318210528
 34  0.336871123
 35  0.323844423
 36  0.350666142
 37  0.361891224
 38  0.367197956
 39  0.388699486
 40  0.404869227
 41  0.418869564
 42  0.439777879
 43  0.36817711
 44  0.375530865
 45  0.318157233
 46  0.307323922
 47  0.294362309
 48  0.275828796
 49  0.2702727
 50  0.264759179
 51  0.26023072
 52  0.245483494
 53  0.244331454
 54  0.257904209
 55  0.25826747
 56  0.275695315
 57  0.293880748
 58  0.350151192
 59  0.332187793
 60  0.341273216
 61  0.415960717
 62  0.439019259
 63  0.496908363
 64  0.568303695
 65  0.54689478
 66  0.461153385
 67  0.467998534
 68  0.421942506
 69  0.391530099
 70  0.363057236
 71  0.439392898
 72  0.504474063
 73  0.453403703
 74  0.471867536
 75  0.505924624
 76  0.464533418
 77  0.398230904
 78  0.341373144
 79  0.297540782
 80  0.252225235
 81  0.218081109
 82  0.225396107
 83  0.222353351
 84  0.236591952
 85  0.25330061
 86  0.259734658
 87  0.277655381
 88  0.275179317
 89  0.272903118
 90  0.257636717
 91  0.244419984
 92  0.23003374
 93  0.215911133
 94  0.222110152
 95  0.222195194
 96  0.245403855
 97  0.282626773
 98  0.305777274
 99  0.377229382
 100  0.432496963
 101  0.463173009
 102  0.526073124
 103  0.508477682
 104  0.425690009
 105  0.372065358
 106  0.339287722
 107  0.286501801
 108  0.272152853
 109  0.250410849
 110  0.240013861
 111  0.240610819
 112  0.24089253
 113  0.245636628
 114  0.238017308
 115  0.266776304
 116  0.287158343
 117  0.3290697
 118  0.367968454
 119  0.401878397
 120  0.35336443
 121  0.335427001
 122  0.306803712
 123  0.351020195
 124  0.385841911
 125  0.341338013
 126  0.352138641
 127  0.313113982
 128  0.306244575
 129  0.290942811
 130  0.275042276
 131  0.267616083
 132  0.255172622
 133  0.245579836
 134  0.244960041
 135  0.237897853
 136  0.234678686
 137  0.247610535
 138  0.267368669
 139  0.280204046
 140  0.244563262
 141  0.224701036
 142  0.279762033
 143  0.313095763
 144  0.286749083
 145  0.253857362
 146  0.243946457
 147  0.236588135
 148  0.241994884
 149  0.249814494
 150  0.254007552
 151  0.265306668
 152  0.286596126
 153  0.288355224
 154  0.324286762
 155  0.35314405
 156  0.327499182
 157  0.26622766
 158  0.256224364
 159  0.26664052
 160  0.311600939
 161  0.271712865
 162  0.263148739
 163  0.255857491
 164  0.246519241
 165  0.235397019
 166  0.234130231
 167  0.237956935
 168  0.251011634
 169  0.318164323
 170  0.380030153
 171  0.414634516
 172  0.470850015
 173  0.492640248
 174  0.483281653
 175  0.498216253
 176  0.402327429
 177  0.378728892
 178  0.341115943
 179  0.288079853
 180  0.280266751
 181  0.276475763
 182  0.282930838
 183  0.278804978
 184  0.270519628
 185  0.273044674
 186  0.277688971
 187  0.299422954
 188  0.317944707
 189  0.341592555
 190  0.377546485
 191  0.388477887
 192  0.425643726
 193  0.451383589
 194  0.433186952
 195  0.384148321
 196  0.393677445
 197  0.377552817
 198  0.347607793
 199  0.337607738
 200  0.302889325
 201  0.302006521
 202  0.293530451
 203  0.315267782
 204  0.312273645
 205  0.355646421
 206  0.372782029
 207  0.396879754
