 1  0.0271763225
 2  0.0246569719
 3  0.0205016965
 4  0.0203568705
 5  0.018967568
 6  0.0169096258
 7  0.015468988
 8  0.0138774891
 9  0.0152100334
 10  0.015401465
 11  0.0154948076
 12  0.0163370565
 13  0.0162523166
 14  0.0172241645
 15  0.0161693797
 16  0.0156315524
 17  0.0140730761
 18  0.0148989582
 19  0.0152561796
 20  0.0155560238
 21  0.0175503333
 22  0.0178886229
 23  0.0205556699
 24  0.0213328831
 25  0.0252489375
 26  0.0267230246
 27  0.0300267762
 28  0.0273292036
 29  0.0231293035
 30  0.0201102486
 31  0.0174344622
 32  0.0151578542
 33  0.0145804224
 34  0.0139914868
 35  0.0140794067
 36  0.0142399611
 37  0.0147709285
 38  0.0152857737
 39  0.0161984565
 40  0.0171788907
 41  0.0166871545
 42  0.0171997018
 43  0.0158234929
 44  0.0168768379
 45  0.0151396468
 46  0.0153150875
 47  0.0147782694
 48  0.0157312055
 49  0.0170730885
 50  0.0111100299
 51  0.0109329261
 52  0.0123555599
 53  0.0112647387
 54  0.0100612456
 55  0.015964813
 56  0.0153946204
 57  0.0146808636
 58  0.0181533049
 59  0.0163986051
 60  0.0166850026
 61  0.0209331103
 62  0.0211275269
 63  0.0266389453
 64  0.0321196915
 65  0.0280707205
 66  0.0223004656
 67  0.0211809866
 68  0.0203243902
 69  0.0224957275
 70  0.0224338575
 71  0.0271765058
 72  0.028599882
 73  0.0266603925
 74  0.0301330873
 75  0.0341265223
 76  0.0321078556
 77  0.0258924478
 78  0.0209648868
 79  0.018758554
 80  0.0164928543
 81  0.0156072666
 82  0.016918058
 83  0.0174368731
 84  0.0155562087
 85  0.0174208639
 86  0.0160362031
 87  0.0177472502
 88  0.0169007776
 89  0.0169038088
 90  0.0150134143
 91  0.0158434516
 92  0.0116995602
 93  0.00916448789
 94  0.00858754099
 95  0.00792941329
 96  0.00899470509
 97  0.0115839183
 98  0.0137821734
 99  0.0229208947
 100  0.0302544176
 101  0.0357441299
 102  0.0385134781
 103  0.0335007604
 104  0.0239940517
 105  0.0198994898
 106  0.0198310406
 107  0.0163821229
 108  0.0169366253
 109  0.0144940647
 110  0.0136107197
 111  0.0162527548
 112  0.0149383855
 113  0.0152130548
 114  0.0140463912
 115  0.0153050584
 116  0.0152684425
 117  0.0165144518
 118  0.017007815
 119  0.0186629978
 120  0.0170939145
 121  0.0167532385
 122  0.0152706659
 123  0.0164175534
 124  0.0180687822
 125  0.0165465787
 126  0.017211657
 127  0.0153450211
 128  0.0146389209
 129  0.0151082851
 130  0.0152829048
 131  0.0171927396
 132  0.0188581437
 133  0.019648908
 134  0.0201024085
 135  0.019871181
 136  0.0178861431
 137  0.0168057602
 138  0.0163241547
 139  0.0151228447
 140  0.0137974282
 141  0.0105916928
 142  0.00731540278
 143  0.00889220055
 144  0.0105677947
 145  0.00896193237
 146  0.0100946798
 147  0.0110851735
 148  0.011361452
 149  0.0137648142
 150  0.0124483807
 151  0.0127034253
 152  0.0162189464
 153  0.0158444398
 154  0.0172809928
 155  0.0179509495
 156  0.0172692004
 157  0.0151089614
 158  0.0137119355
 159  0.0155774563
 160  0.0176221168
 161  0.0174699678
 162  0.0164104103
 163  0.0190792378
 164  0.0178503349
 165  0.0193436058
 166  0.0172849144
 167  0.0161194435
 168  0.0161358896
 169  0.0175755776
 170  0.0217287135
 171  0.0264365061
 172  0.0291634987
 173  0.0276139152
 174  0.0260793627
 175  0.0265515511
 176  0.019526968
 177  0.0203873385
 178  0.0192675195
 179  0.0162658935
 180  0.0181385605
 181  0.01995283
 182  0.0180564356
 183  0.0181830988
 184  0.0160785794
 185  0.0145110091
 186  0.0128215911
 187  0.011889697
 188  0.0115404293
 189  0.0134984183
 190  0.0140862873
 191  0.014795937
 192  0.0163245181
 193  0.0179543533
 194  0.0173612007
 195  0.0152703178
 196  0.0151019724
 197  0.0141427123
 198  0.0131670694
 199  0.0122185969
 200  0.0126750914
 201  0.0138495283
 202  0.015963654
 203  0.0201823281
 204  0.0199028265
 205  0.0195596372
 206  0.0202800569
 207  0.0242341074
