 1  0.0217010269
 2  0.0207021086
 3  0.018743039
 4  0.0193251911
 5  0.019464704
 6  0.0185373708
 7  0.0168021099
 8  0.0142562764
 9  0.0125112783
 10  0.0112623226
 11  0.0115310651
 12  0.0119205189
 13  0.0110960428
 14  0.0127740069
 15  0.0128499152
 16  0.0141258809
 17  0.0148034795
 18  0.0157646299
 19  0.0170216311
 20  0.0171301106
 21  0.0180403441
 22  0.0172336978
 23  0.0180805081
 24  0.0178471924
 25  0.0193635277
 26  0.0207735822
 27  0.022087192
 28  0.0203145294
 29  0.0192403548
 30  0.0177801577
 31  0.0162085777
 32  0.0154947164
 33  0.0153718072
 34  0.0167035362
 35  0.0164421142
 36  0.01687608
 37  0.0160691767
 38  0.0166724578
 39  0.0158463138
 40  0.015776917
 41  0.0162195868
 42  0.0168841219
 43  0.0148177001
 44  0.0145140414
 45  0.0130440403
 46  0.0140323973
 47  0.0142378635
 48  0.0160773361
 49  0.0148420233
 50  0.0101600196
 51  0.0122828887
 52  0.0133719251
 53  0.01198122
 54  0.0116830555
 55  0.0154008856
 56  0.015163543
 57  0.0135641364
 58  0.0152439203
 59  0.01351197
 60  0.0145477866
 61  0.0164306818
 62  0.0161535752
 63  0.0188337249
 64  0.0247321938
 65  0.0225661028
 66  0.019082028
 67  0.0191278204
 68  0.0176641047
 69  0.0231717475
 70  0.0213791772
 71  0.0244277954
 72  0.027338946
 73  0.0268302136
 74  0.0291324859
 75  0.033580859
 76  0.0333278424
 77  0.0261084422
 78  0.0216934421
 79  0.0210134519
 80  0.0177444069
 81  0.0153946119
 82  0.015614535
 83  0.0152024015
 84  0.0134656272
 85  0.0141291664
 86  0.013367767
 87  0.0150666832
 88  0.0136305071
 89  0.0128226637
 90  0.0118441053
 91  0.0122978543
 92  0.00910903545
 93  0.00728344188
 94  0.00777404978
 95  0.00843937657
 96  0.0111385244
 97  0.0146574721
 98  0.0159914036
 99  0.0228201555
 100  0.0267565613
 101  0.0307302562
 102  0.0312336797
 103  0.026351572
 104  0.0201858251
 105  0.0175636258
 106  0.0181732191
 107  0.0162077232
 108  0.0197888594
 109  0.0179556488
 110  0.0148428492
 111  0.0146192604
 112  0.0114770622
 113  0.0118253438
 114  0.0102892158
 115  0.0113250527
 116  0.0119665901
 117  0.0135632023
 118  0.0139931732
 119  0.0161504464
 120  0.0148584172
 121  0.0150841158
 122  0.0132716319
 123  0.0138803666
 124  0.0162105549
 125  0.0153450325
 126  0.0163345406
 127  0.0147924357
 128  0.0153795875
 129  0.0159019678
 130  0.0149476524
 131  0.017350895
 132  0.0200463184
 133  0.018140824
 134  0.0180290754
 135  0.016414474
 136  0.0157926528
 137  0.01535623
 138  0.0158400048
 139  0.0166280088
 140  0.0142752337
 141  0.0146983296
 142  0.0106916657
 143  0.0120384582
 144  0.0110297861
 145  0.00667439025
 146  0.00679559536
 147  0.00691062527
 148  0.0070953242
 149  0.0111099559
 150  0.0103547484
 151  0.0112287984
 152  0.0150181527
 153  0.0158074313
 154  0.0165084862
 155  0.01789784
 156  0.0167580004
 157  0.0150618217
 158  0.0134427164
 159  0.0146709967
 160  0.0158597389
 161  0.0154667497
 162  0.0142605908
 163  0.0159813624
 164  0.0166734202
 165  0.0177648331
 166  0.0163403905
 167  0.0163772505
 168  0.017118403
 169  0.0199751939
 170  0.0240868561
 171  0.0299525747
 172  0.0331517729
 173  0.0322694314
 174  0.0290440501
 175  0.0299230849
 176  0.0228194426
 177  0.0202976019
 178  0.0176714293
 179  0.0170080446
 180  0.0165429744
 181  0.0163453548
 182  0.0150470432
 183  0.0168921268
 184  0.0158473691
 185  0.0163748823
 186  0.0153107859
 187  0.015614107
 188  0.0157746903
 189  0.019277472
 190  0.0205732189
 191  0.0201844597
 192  0.0215836059
 193  0.0216859712
 194  0.0191154021
 195  0.017672465
 196  0.01760668
 197  0.0183019607
 198  0.0172833183
 199  0.0171384561
 200  0.0158788317
 201  0.016067227
 202  0.0176087513
 203  0.020334115
 204  0.0192681022
 205  0.0175981804
 206  0.0162567808
 207  0.0197020333
