 1  0.0333960687
 2  0.0316322433
 3  0.0264081872
 4  0.0269851743
 5  0.0249583739
 6  0.0198343116
 7  0.0163036075
 8  0.014186858
 9  0.0132773937
 10  0.0134849949
 11  0.0124850843
 12  0.0136781992
 13  0.0144608485
 14  0.0128780998
 15  0.0135882786
 16  0.0122400089
 17  0.0138212223
 18  0.0155923042
 19  0.0191994923
 20  0.0217310355
 21  0.0256665001
 22  0.0258020404
 23  0.0285360068
 24  0.0290108736
 25  0.0326863032
 26  0.0309793105
 27  0.033866347
 28  0.0336774816
 29  0.0285541822
 30  0.0272604124
 31  0.0248543182
 32  0.0229214969
 33  0.0221789291
 34  0.0212537228
 35  0.0185404607
 36  0.0166859258
 37  0.0144510766
 38  0.0163292129
 39  0.0148070674
 40  0.0125916675
 41  0.0119267496
 42  0.0105060832
 43  0.0095564301
 44  0.0109559378
 45  0.00987583608
 46  0.00908371743
 47  0.0079071542
 48  0.00960676249
 49  0.0134753034
 50  0.0080436824
 51  0.00860752482
 52  0.0117132684
 53  0.0114583791
 54  0.0120879995
 55  0.0167718343
 56  0.0187469986
 57  0.0166445048
 58  0.0187692691
 59  0.0193807448
 60  0.0186061812
 61  0.0215690854
 62  0.0182960552
 63  0.0199061414
 64  0.0220052966
 65  0.0188986858
 66  0.0170795727
 67  0.0153501525
 68  0.0170730725
 69  0.0196521709
 70  0.0208076743
 71  0.0230840399
 72  0.021607192
 73  0.0211443482
 74  0.0239611493
 75  0.0265401135
 76  0.0245078645
 77  0.0225985138
 78  0.0205318377
 79  0.0202087947
 80  0.0189383973
 81  0.0193870264
 82  0.0177222843
 83  0.0178924042
 84  0.0149430922
 85  0.0170963712
 86  0.0142016204
 87  0.0162999845
 88  0.0151327071
 89  0.0161452707
 90  0.0133721333
 91  0.0154064569
 92  0.0114391258
 93  0.0105752461
 94  0.0104461228
 95  0.0105751794
 96  0.0106602654
 97  0.0129453096
 98  0.0148190029
 99  0.0223356446
 100  0.0295797227
 101  0.0355014843
 102  0.0391793715
 103  0.0368840084
 104  0.0262838899
 105  0.0216085591
 106  0.0217532986
 107  0.0185930424
 108  0.0172575577
 109  0.0146077952
 110  0.0128417544
 111  0.0143451287
 112  0.0142879235
 113  0.0133342029
 114  0.0131157344
 115  0.0141650967
 116  0.0128160743
 117  0.0137589729
 118  0.0133801215
 119  0.014219075
 120  0.0132536907
 121  0.0120020347
 122  0.0109088836
 123  0.0116202576
 124  0.0118518368
 125  0.0100405142
 126  0.0106138401
 127  0.0100993325
 128  0.00947074788
 129  0.0105380345
 130  0.0121037225
 131  0.0141940978
 132  0.0201887739
 133  0.021145178
 134  0.0226193227
 135  0.0226004386
 136  0.0214123376
 137  0.020590542
 138  0.0212769468
 139  0.0214145177
 140  0.023003688
 141  0.0199656052
 142  0.0164048554
 143  0.0163133381
 144  0.0159847644
 145  0.0151767753
 146  0.0139678511
 147  0.013858686
 148  0.0124408745
 149  0.012982969
 150  0.0113869875
 151  0.010655574
 152  0.0128056958
 153  0.0122548206
 154  0.0124517058
 155  0.0118815175
 156  0.0122946355
 157  0.0113969615
 158  0.0112798247
 159  0.0133350088
 160  0.0141632313
 161  0.0151435104
 162  0.01471497
 163  0.0188830727
 164  0.0186594108
 165  0.0212253039
 166  0.0194680968
 167  0.0199696358
 168  0.0191316987
 169  0.0193339366
 170  0.0200127747
 171  0.0214123856
 172  0.0208475662
 173  0.0195597052
 174  0.0188227074
 175  0.0186563602
 176  0.019965208
 177  0.0209706769
 178  0.0217004075
 179  0.0205731981
 180  0.0207552374
 181  0.0235824153
 182  0.0189064193
 183  0.0185499702
 184  0.0155133642
 185  0.0134252327
 186  0.0117574597
 187  0.0108039066
 188  0.0104523153
 189  0.0174430348
 190  0.0171941609
 191  0.014155121
 192  0.0141205542
 193  0.011782104
 194  0.0100247431
 195  0.0107295553
 196  0.0128597644
 197  0.0152468598
 198  0.0150516073
 199  0.0182331133
 200  0.0176551732
 201  0.0194091608
 202  0.0201807662
 203  0.0226085638
 204  0.0190781753
 205  0.0192792124
 206  0.0192476484
 207  0.0206827814
