 1  0.627120412
 2  0.570499323
 3  0.479481456
 4  0.436726475
 5  0.36054306
 6  0.348318471
 7  0.289497964
 8  0.318804422
 9  0.290718225
 10  0.305910104
 11  0.272826709
 12  0.305199116
 13  0.350647203
 14  0.33346895
 15  0.385495909
 16  0.346121314
 17  0.366382176
 18  0.346244466
 19  0.378815397
 20  0.403936074
 21  0.470147178
 22  0.509928045
 23  0.563300416
 24  0.575582745
 25  0.636393119
 26  0.558586194
 27  0.642039745
 28  0.667481676
 29  0.538030746
 30  0.543614021
 31  0.509758113
 32  0.501927536
 33  0.466017004
 34  0.467680274
 35  0.406363192
 36  0.400784318
 37  0.379410986
 38  0.397906752
 39  0.413593472
 40  0.409868142
 41  0.413761161
 42  0.428182525
 43  0.361591752
 44  0.351521658
 45  0.298864866
 46  0.277902592
 47  0.267296129
 48  0.258053114
 49  0.259031437
 50  0.252596465
 51  0.250572892
 52  0.242792983
 53  0.232052669
 54  0.275996399
 55  0.307750651
 56  0.327786318
 57  0.359117598
 58  0.419249207
 59  0.440591366
 60  0.442235558
 61  0.540378011
 62  0.510432966
 63  0.566286355
 64  0.584315877
 65  0.540936737
 66  0.461923839
 67  0.440816965
 68  0.436826139
 69  0.384517914
 70  0.388121459
 71  0.460800631
 72  0.46852133
 73  0.421572413
 74  0.448202562
 75  0.467132094
 76  0.426571505
 77  0.386266514
 78  0.33538231
 79  0.275038924
 80  0.192053891
 81  0.20099218
 82  0.20853781
 83  0.234840053
 84  0.243617957
 85  0.283576859
 86  0.276145426
 87  0.303868495
 88  0.279722262
 89  0.296781198
 90  0.260107773
 91  0.259546624
 92  0.241145452
 93  0.235553411
 94  0.223144061
 95  0.217781664
 96  0.216884661
 97  0.287746398
 98  0.306593819
 99  0.397090494
 100  0.457310346
 101  0.515161872
 102  0.590836333
 103  0.604900172
 104  0.531345772
 105  0.447615245
 106  0.40423745
 107  0.314356616
 108  0.312428133
 109  0.246553216
 110  0.270041009
 111  0.242170848
 112  0.258814123
 113  0.254216012
 114  0.26497266
 115  0.299002292
 116  0.274858893
 117  0.324737058
 118  0.347485951
 119  0.356085304
 120  0.327370692
 121  0.307777151
 122  0.295111253
 123  0.321583183
 124  0.325072724
 125  0.293881531
 126  0.307827493
 127  0.299993495
 128  0.315160765
 129  0.313442364
 130  0.2952633
 131  0.303912093
 132  0.318123154
 133  0.298733854
 134  0.305059954
 135  0.287816556
 136  0.278167136
 137  0.265435335
 138  0.273413302
 139  0.276436336
 140  0.306788689
 141  0.320062587
 142  0.297770976
 143  0.314198625
 144  0.278429459
 145  0.268001265
 146  0.267396552
 147  0.273170954
 148  0.281278767
 149  0.276104721
 150  0.278564345
 151  0.284557557
 152  0.30221316
 153  0.304992226
 154  0.326184309
 155  0.339510503
 156  0.28679524
 157  0.234351732
 158  0.234150999
 159  0.287385337
 160  0.320423249
 161  0.299485151
 162  0.285608739
 163  0.284465963
 164  0.258556405
 165  0.251407461
 166  0.216566018
 167  0.225068685
 168  0.225490123
 169  0.303614091
 170  0.370987453
 171  0.414714087
 172  0.443524903
 173  0.445834961
 174  0.435210586
 175  0.435381298
 176  0.380807528
 177  0.376259726
 178  0.31518337
 179  0.285140576
 180  0.293144679
 181  0.313815504
 182  0.324351363
 183  0.348572807
 184  0.3481095
 185  0.374450146
 186  0.36575876
 187  0.398754877
 188  0.405628148
 189  0.517995147
 190  0.518740281
 191  0.467080803
 192  0.471479828
 193  0.460420364
 194  0.421701948
 195  0.398161723
 196  0.407255369
 197  0.434052173
 198  0.427081111
 199  0.471110343
 200  0.423320541
 201  0.453606334
 202  0.417293113
 203  0.463167383
 204  0.417570562
 205  0.4590276
 206  0.418201507
 207  0.432947187
