 1  0.400999436
 2  0.380141457
 3  0.341645367
 4  0.330953466
 5  0.3041413
 6  0.284187885
 7  0.249474448
 8  0.244745997
 9  0.225733156
 10  0.224943812
 11  0.233000751
 12  0.243424986
 13  0.217406164
 14  0.270640646
 15  0.270511445
 16  0.292291773
 17  0.288479056
 18  0.302695406
 19  0.318061235
 20  0.327130962
 21  0.349271015
 22  0.34978769
 23  0.357861215
 24  0.343063737
 25  0.351349345
 26  0.344659376
 27  0.362739665
 28  0.343707395
 29  0.313106631
 30  0.314647964
 31  0.318288434
 32  0.330339678
 33  0.332885051
 34  0.365521552
 35  0.344863735
 36  0.367560843
 37  0.359425471
 38  0.352265055
 39  0.33701986
 40  0.345184082
 41  0.377021283
 42  0.403280415
 43  0.335804675
 44  0.341322939
 45  0.30071727
 46  0.306759008
 47  0.284508567
 48  0.276028502
 49  0.258328684
 50  0.244884663
 51  0.24989421
 52  0.23440721
 53  0.23639362
 54  0.246586736
 55  0.244746655
 56  0.259160083
 57  0.28097894
 58  0.325567088
 59  0.299415951
 60  0.302708021
 61  0.331040323
 62  0.356251085
 63  0.359193081
 64  0.391421057
 65  0.393196236
 66  0.367246286
 67  0.38353282
 68  0.358212267
 69  0.361851675
 70  0.338065493
 71  0.372834351
 72  0.430531319
 73  0.42150359
 74  0.428262451
 75  0.474588296
 76  0.476385676
 77  0.387861
 78  0.347432162
 79  0.296286603
 80  0.253069978
 81  0.228102504
 82  0.209724849
 83  0.201365112
 84  0.20327306
 85  0.233668104
 86  0.242129864
 87  0.259903187
 88  0.246734365
 89  0.233345158
 90  0.232346621
 91  0.207468692
 92  0.190721512
 93  0.18592182
 94  0.198119482
 95  0.212982564
 96  0.240443607
 97  0.293196194
 98  0.308013339
 99  0.380050998
 100  0.41630077
 101  0.447679167
 102  0.478079406
 103  0.441178289
 104  0.392598624
 105  0.356024213
 106  0.339356141
 107  0.28837129
 108  0.280256606
 109  0.240677463
 110  0.214748099
 111  0.200274848
 112  0.196121943
 113  0.202032671
 114  0.193748386
 115  0.218190983
 116  0.253677353
 117  0.276418289
 118  0.293275975
 119  0.342814321
 120  0.312424718
 121  0.321525987
 122  0.283751661
 123  0.307212454
 124  0.382792335
 125  0.357635259
 126  0.391231069
 127  0.326280272
 128  0.331799687
 129  0.309681625
 130  0.273725382
 131  0.268640499
 132  0.262398461
 133  0.231498745
 134  0.2282232
 135  0.225823894
 136  0.236413344
 137  0.250535054
 138  0.270517457
 139  0.301303439
 140  0.284702241
 141  0.28797158
 142  0.34554225
 143  0.341295794
 144  0.301237546
 145  0.273170084
 146  0.250663805
 147  0.22627309
 148  0.212016216
 149  0.218199908
 150  0.23053802
 151  0.263034935
 152  0.289969051
 153  0.310672968
 154  0.344992509
 155  0.414684211
 156  0.386958088
 157  0.313030326
 158  0.276306867
 159  0.271076162
 160  0.293444043
 161  0.264382184
 162  0.239822385
 163  0.23888805
 164  0.21779746
 165  0.227305961
 166  0.233059792
 167  0.260772685
 168  0.276498113
 169  0.342191841
 170  0.398697464
 171  0.470473042
 172  0.539207099
 173  0.549775114
 174  0.485704502
 175  0.481838207
 176  0.405885574
 177  0.356259174
 178  0.324717029
 179  0.286511436
 180  0.266883914
 181  0.25941194
 182  0.256138928
 183  0.252948413
 184  0.251170727
 185  0.276594436
 186  0.281112592
 187  0.329342453
 188  0.367989918
 189  0.422651637
 190  0.479081591
 191  0.469551518
 192  0.524365088
 193  0.54807622
 194  0.480722345
 195  0.416448392
 196  0.417764013
 197  0.421931044
 198  0.391877141
 199  0.386897953
 200  0.332290954
 201  0.316551296
 202  0.284885423
 203  0.292058947
 204  0.278518242
 205  0.295036365
 206  0.310385476
 207  0.313488614
