 1  0.546424469
 2  0.51223976
 3  0.433781609
 4  0.411834923
 5  0.355104132
 6  0.325869316
 7  0.281285375
 8  0.264797948
 9  0.268270143
 10  0.279321129
 11  0.279628834
 12  0.29774121
 13  0.294814692
 14  0.311498371
 15  0.301361054
 16  0.304996152
 17  0.289570777
 18  0.31121137
 19  0.337404361
 20  0.354096021
 21  0.404334568
 22  0.414926267
 23  0.447404616
 24  0.429252868
 25  0.455636958
 26  0.444587322
 27  0.464983236
 28  0.414494281
 29  0.35057032
 30  0.349941928
 31  0.358216783
 32  0.357498428
 33  0.359164749
 34  0.367567286
 35  0.342356453
 36  0.35135281
 37  0.340110028
 38  0.343670459
 39  0.335056053
 40  0.349369922
 41  0.368268599
 42  0.391389886
 43  0.353024626
 44  0.371233305
 45  0.327908153
 46  0.325633139
 47  0.304666685
 48  0.294712337
 49  0.288591221
 50  0.270584573
 51  0.264348363
 52  0.254795374
 53  0.247292734
 54  0.26311619
 55  0.243139539
 56  0.287526346
 57  0.298237627
 58  0.365186102
 59  0.337577263
 60  0.317030215
 61  0.360388732
 62  0.371029186
 63  0.38530196
 64  0.42171188
 65  0.37835432
 66  0.350245109
 67  0.380705674
 68  0.382800435
 69  0.365860632
 70  0.363540193
 71  0.444209176
 72  0.499270501
 73  0.474242147
 74  0.53777768
 75  0.613568303
 76  0.562096245
 77  0.444866717
 78  0.366457793
 79  0.318077542
 80  0.255207186
 81  0.22394315
 82  0.235197892
 83  0.250702288
 84  0.255697541
 85  0.284960599
 86  0.273213318
 87  0.319319079
 88  0.311827808
 89  0.310295715
 90  0.275166617
 91  0.273239504
 92  0.24968995
 93  0.236849163
 94  0.233751775
 95  0.235392814
 96  0.261740731
 97  0.325793465
 98  0.360561081
 99  0.464032842
 100  0.540213014
 101  0.625289006
 102  0.695541554
 103  0.638687454
 104  0.545079644
 105  0.461538755
 106  0.430878487
 107  0.346718759
 108  0.3243529
 109  0.269626959
 110  0.247890927
 111  0.244636885
 112  0.252777124
 113  0.25909706
 114  0.257634195
 115  0.287065253
 116  0.302386038
 117  0.35201399
 118  0.369852087
 119  0.419965503
 120  0.385146502
 121  0.364558258
 122  0.326191703
 123  0.35298546
 124  0.384737905
 125  0.348099347
 126  0.366123769
 127  0.327350408
 128  0.314060255
 129  0.30473269
 130  0.286927997
 131  0.278494129
 132  0.276581716
 133  0.2637282
 134  0.252228781
 135  0.222934236
 136  0.221224327
 137  0.213184217
 138  0.229433679
 139  0.257220305
 140  0.254618914
 141  0.265327155
 142  0.272721131
 143  0.282126525
 144  0.264765792
 145  0.249738322
 146  0.229489609
 147  0.242724281
 148  0.242831772
 149  0.256933662
 150  0.258790062
 151  0.281110693
 152  0.306674546
 153  0.310995347
 154  0.348010782
 155  0.36527549
 156  0.365198923
 157  0.318822244
 158  0.294887139
 159  0.315699652
 160  0.342134521
 161  0.308335756
 162  0.284196007
 163  0.282048523
 164  0.260049993
 165  0.261280017
 166  0.237029962
 167  0.240011303
 168  0.254565583
 169  0.33304869
 170  0.393512423
 171  0.454796428
 172  0.512165936
 173  0.49385943
 174  0.469696958
 175  0.436085947
 176  0.35312998
 177  0.317074628
 178  0.289221497
 179  0.235226869
 180  0.220594247
 181  0.235350608
 182  0.245135794
 183  0.254241567
 184  0.254497848
 185  0.269640247
 186  0.278650511
 187  0.307614199
 188  0.330065435
 189  0.348942283
 190  0.379514679
 191  0.38548942
 192  0.410995996
 193  0.438697669
 194  0.417513335
 195  0.375131365
 196  0.370627003
 197  0.368470575
 198  0.349581658
 199  0.3487845
 200  0.317121827
 201  0.312425627
 202  0.291886787
 203  0.303148146
 204  0.296020137
 205  0.314767416
 206  0.322418714
 207  0.326367512
